0 0.81640625 0.4 0.0234375 0.025
0 0.50546875 0.15546875 0.01796875 0.01796875
0 0.815625 0.3671875 0.0234375 0.02421875
0 0.21640625 0.35390625 0.0234375 0.025
0 0.2109375 0.55546875 0.02734375 0.0265625
0 0.81015625 0.04375 0.0203125 0.021875
0 0.3671875 0.5078125 0.02421875 0.0296875
0 0.81875 0.484375 0.0234375 0.02734375
0 0.22109375 0.90625 0.01953125 0.01796875
0 0.2234375 0.2328125 0.02109375 0.02265625
0 0.37578125 0.63984375 0.01796875 0.02109375
0 0.21484375 0.584375 0.02734375 0.021875
0 0.2203125 0.965625 0.02109375 0.02109375
0 0.96953125 0.76875 0.0203125 0.0234375
0 0.2234375 0.690625 0.01796875 0.01796875
0 0.20234375 0.0265625 0.02265625 0.0234375
0 0.81328125 0.32890625 0.015625 0.0203125
0 0.046875 0.096875 0.028125 0.0203125
0 0.35 0.17890625 0.02890625 0.0203125
0 0.225 0.85078125 0.02109375 0.02265625
0 0.81484375 0.2984375 0.02109375 0.021875
0 0.5140625 0.78046875 0.02109375 0.01953125
0 0.20859375 0.8203125 0.01875 0.01796875
0 0.221875 0.990625 0.01953125 0.01796875
0 0.21328125 0.7359375 0.02734375 0.02890625
0 0.0609375 0.2265625 0.021875 0.02109375
0 0.5109375 0.37109375 0.0171875 0.01640625
0 0.50390625 0.08359375 0.0171875 0.0171875
0 0.35390625 0.43671875 0.021875 0.028125
0 0.66796875 0.36640625 0.01796875 0.02109375
0 0.81875 0.94140625 0.0265625 0.01953125
0 0.80859375 0.24375 0.0203125 0.01796875
0 0.21015625 0.096875 0.01640625 0.015625
0 0.97734375 0.8640625 0.02109375 0.021875
0 0.06484375 0.8265625 0.01953125 0.01796875
0 0.9546875 0.14765625 0.01640625 0.01640625
0 0.22109375 0.52265625 0.02109375 0.021875
0 0.96015625 0.71796875 0.021875 0.02109375
0 0.3578125 0.975 0.02890625 0.021875
0 0.95703125 0.334375 0.02109375 0.021875
0 0.953125 0.1875 0.01796875 0.02109375
0 0.35859375 0.9390625 0.02265625 0.021875
0 0.5109375 0.54921875 0.01875 0.01796875
0 0.0703125 0.76328125 0.01796875 0.01875
0 0.2140625 0.42734375 0.0375 0.01796875
0 0.9703125 0.8140625 0.01875 0.0171875
0 0.95390625 0.11328125 0.03046875 0.01796875
0 0.5140625 0.51328125 0.01640625 0.01640625
0 0.6640625 0.8734375 0.02109375 0.02109375
0 0.49921875 0.2140625 0.01953125 0.01953125
0 0.51171875 0.7109375 0.01875 0.01875
0 0.50859375 0.44609375 0.0203125 0.025
0 0.2140625 0.3109375 0.01953125 0.02421875
0 0.06953125 0.7375 0.01953125 0.02109375
0 0.07109375 0.8703125 0.01953125 0.0234375
0 0.21328125 0.18125 0.01640625 0.01640625
0 0.95078125 0.2984375 0.021875 0.0203125
0 0.809375 0.0640625 0.0171875 0.01328125
0 0.36171875 0.2671875 0.02265625 0.03046875
0 0.521875 0.8296875 0.02265625 0.0203125
0 0.94921875 0.57890625 0.0203125 0.015625
0 0.21171875 0.14453125 0.01640625 0.015625
0 0.22109375 0.64375 0.0171875 0.02265625
0 0.2265625 0.7671875 0.01953125 0.01875
0 0.215625 0.4640625 0.01875 0.02109375
0 0.975 0.92578125 0.01796875 0.01875
0 0.0625 0.1890625 0.01953125 0.01953125
0 0.65078125 0.5921875 0.0171875 0.0171875
0 0.08046875 0.9578125 0.01875 0.025
0 0.95 0.04140625 0.0171875 0.021875
0 0.065625 0.48203125 0.03359375 0.028125
0 0.20546875 0.1234375 0.02421875 0.01640625
0 0.2046875 0.06484375 0.01640625 0.015625
0 0.0640625 0.3953125 0.021875 0.0234375
0 0.06484375 0.2546875 0.021875 0.01953125
0 0.9484375 0.44765625 0.0234375 0.021875
0 0.36796875 0.3375 0.021875 0.0234375
0 0.6703125 0.6390625 0.0171875 0.01640625
0 0.3515625 0.0625 0.01796875 0.0171875
0 0.95859375 0.21484375 0.0203125 0.0203125
0 0.075 0.67109375 0.0203125 0.02109375
0 0.3453125 0.0203125 0.01796875 0.01953125
0 0.66796875 0.8359375 0.0171875 0.01484375
0 0.3515625 0.11484375 0.01953125 0.0171875
0 0.8125 0.1203125 0.01875 0.01796875
0 0.3578125 0.38125 0.02109375 0.02265625
0 0.35546875 0.09765625 0.01953125 0.01875
0 0.95390625 0.5515625 0.015625 0.01484375
0 0.81953125 0.52734375 0.01640625 0.0171875
0 0.815625 0.58359375 0.01875 0.01640625
0 0.66484375 0.81015625 0.021875 0.0140625
0 0.51328125 0.321875 0.01875 0.0171875
0 0.5125 0.6515625 0.01796875 0.0171875
0 0.51484375 0.59921875 0.01875 0.01640625
0 0.0671875 0.140625 0.0140625 0.01640625
0 0.0578125 0.3640625 0.0203125 0.0234375
0 0.95078125 0.275 0.01640625 0.01875
0 0.9546875 0.509375 0.0171875 0.0265625
0 0.65546875 0.47578125 0.015625 0.02109375
0 0.68828125 0.509375 0.01484375 0.0203125
0 0.665625 0.6859375 0.02578125 0.0265625
0 0.21875 0.40625 0.03046875 0.02109375