0 0.19921875 0.60625 0.0296875 0.03046875
0 0.82421875 0.39296875 0.02734375 0.02265625
0 0.8171875 0.36328125 0.025 0.0265625
0 0.815625 0.42734375 0.0328125 0.0234375
0 0.35078125 0.71640625 0.0265625 0.028125
0 0.04296875 0.6984375 0.0265625 0.02578125
0 0.8140625 0.03828125 0.02578125 0.02265625
0 0.825 0.48828125 0.025 0.02421875
0 0.8203125 0.45625 0.02421875 0.02109375
0 0.51328125 0.56796875 0.025 0.02890625
0 0.35 0.53671875 0.02578125 0.02734375
0 0.975 0.92734375 0.02890625 0.03828125
0 0.5046875 0.0296875 0.025 0.02578125
0 0.51171875 0.1125 0.025 0.02578125
0 0.66328125 0.76484375 0.0265625 0.025
0 0.95859375 0.1609375 0.02421875 0.025
0 0.9671875 0.55859375 0.0296875 0.02734375
0 0.35078125 0.31640625 0.02421875 0.02265625
0 0.51171875 0.5140625 0.0234375 0.025
0 0.353125 0.9703125 0.0234375 0.0265625
0 0.19453125 0.78828125 0.02265625 0.02109375
0 0.3421875 0.37265625 0.0296875 0.03671875
0 0.66953125 0.79765625 0.02265625 0.021875
0 0.81875 0.1109375 0.0328125 0.03515625
0 0.8265625 0.63984375 0.02265625 0.02578125
0 0.04140625 0.390625 0.0265625 0.03203125
0 0.51484375 0.6671875 0.0203125 0.021875
0 0.0265625 0.01875 0.0234375 0.02421875
0 0.8265625 0.77109375 0.0296875 0.03984375
0 0.51328125 0.3015625 0.0234375 0.0265625
0 0.18828125 0.5328125 0.0296875 0.02578125
0 0.6625 0.146875 0.02421875 0.02265625
0 0.97109375 0.43515625 0.02734375 0.03828125
0 0.81484375 0.15 0.025 0.0265625
0 0.82578125 0.93125 0.0234375 0.0234375
0 0.80703125 0.01015625 0.0234375 0.0203125
0 0.1875 0.559375 0.02578125 0.02421875
0 0.52734375 0.928125 0.0265625 0.02421875
0 0.659375 0.10625 0.02421875 0.02109375
0 0.6671875 0.696875 0.0203125 0.021875
0 0.52109375 0.86875 0.0203125 0.01953125
0 0.04296875 0.9890625 0.0234375 0.021875
0 0.17890625 0.00625 0.02421875 0.0125
0 0.5171875 0.1703125 0.02578125 0.0234375
0 0.04140625 0.30703125 0.025 0.02265625
0 0.04453125 0.90546875 0.01953125 0.0203125
0 0.9765625 0.87578125 0.0296875 0.03828125
0 0.35234375 0.93671875 0.0203125 0.01796875
0 0.82578125 0.52109375 0.0234375 0.02265625
0 0.51640625 0.41640625 0.02578125 0.02109375
0 0.66484375 0.57265625 0.02578125 0.02421875
0 0.9703125 0.7734375 0.028125 0.03046875
0 0.6578125 0.33671875 0.02421875 0.021875
0 0.509375 0.0796875 0.0328125 0.03515625
0 0.959375 0.21875 0.0265625 0.02421875
0 0.6640625 0.87578125 0.025 0.028125
0 0.66171875 0.07109375 0.02578125 0.028125
0 0.0296875 0.08046875 0.0234375 0.0265625
0 0.03984375 0.78828125 0.0265625 0.02265625
0 0.67265625 0.98984375 0.0203125 0.0203125
0 0.96953125 0.60703125 0.0296875 0.040625
0 0.04140625 0.51171875 0.02578125 0.01953125
0 0.6734375 0.51875 0.025 0.02578125
0 0.1953125 0.99375 0.0203125 0.01171875
0 0.6671875 0.625 0.028125 0.0359375
0 0.19375 0.84453125 0.01953125 0.01953125
0 0.97421875 0.82109375 0.02109375 0.0234375
0 0.8171875 0.06328125 0.0234375 0.021875
0 0.18984375 0.45625 0.02421875 0.025
0 0.18359375 0.0828125 0.01953125 0.0203125
0 0.82578125 0.575 0.0265625 0.0328125
0 0.97109375 0.39296875 0.0296875 0.021875
0 0.34765625 0.49375 0.02421875 0.02265625
0 0.203125 0.91953125 0.021875 0.02109375
0 0.1890625 0.178125 0.02109375 0.021875
0 0.66484375 0.4484375 0.025 0.025
0 0.6640625 0.54375 0.028125 0.01796875
0 0.51171875 0.2703125 0.01875 0.01796875
0 0.35390625 0.665625 0.02265625 0.02265625
0 0.66171875 0.26953125 0.01953125 0.0203125
0 0.82734375 0.675 0.02734375 0.0328125
0 0.340625 0.05625 0.02421875 0.028125
0 0.5125 0.46796875 0.025 0.034375
0 0.0265625 0.0515625 0.02109375 0.01875
0 0.50703125 0.23203125 0.01953125 0.0234375
0 0.67578125 0.92421875 0.02578125 0.03046875
0 0.81796875 0.23515625 0.02578125 0.02578125
0 0.19140625 0.325 0.03359375 0.025
0 0.1859375 0.28515625 0.02265625 0.02734375
0 0.66484375 0.396875 0.0265625 0.02734375
0 0.19609375 0.71640625 0.02421875 0.025
0 0.040625 0.8609375 0.02578125 0.0328125
0 0.66484375 0.18828125 0.0234375 0.02734375
0 0.51328125 0.14609375 0.025 0.01875
0 0.0234375 0.26171875 0.0234375 0.021875
0 0.34453125 0.27578125 0.0234375 0.02109375
0 0.51796875 0.37421875 0.025 0.02734375
0 0.82578125 0.30078125 0.02265625 0.02421875
0 0.50390625 0.00390625 0.025 0.0078125
0 0.515625 0.62421875 0.01953125 0.02109375
0 0.6625 0.31484375 0.0234375 0.021875
0 0.04296875 0.47109375 0.0234375 0.02421875
0 0.51171875 0.3328125 0.021875 0.01875
0 0.1890625 0.48359375 0.02265625 0.02265625
0 0.36015625 0.76328125 0.02421875 0.02109375
0 0.0390625 0.5671875 0.0234375 0.025
0 0.95546875 0.33828125 0.01875 0.02265625
0 0.965625 0.25625 0.0234375 0.021875
0 0.82265625 0.271875 0.021875 0.0203125
0 0.34296875 0.18203125 0.02890625 0.025
0 0.19765625 0.66640625 0.0234375 0.025
0 0.3453125 0.89921875 0.02578125 0.02109375
0 0.19140625 0.42109375 0.02109375 0.0171875
0 0.0421875 0.76171875 0.0203125 0.02421875
0 0.83515625 0.83125 0.028125 0.034375
0 0.35 0.63828125 0.02109375 0.02109375