0 0.59296875 0.6390625 0.02734375 0.025
0 0.59921875 0.96484375 0.0328125 0.028125
0 0.87421875 0.04609375 0.028125 0.028125
0 0.425 0.578125 0.02265625 0.02265625
0 0.5984375 0.90078125 0.02734375 0.02421875
0 0.7375 0.7875 0.025 0.021875
0 0.57421875 0.05546875 0.0296875 0.0359375
0 0.10078125 0.61328125 0.025 0.021875
0 0.7234375 0.0921875 0.028125 0.03125
0 0.73046875 0.16796875 0.03203125 0.028125
0 0.60859375 0.6015625 0.02421875 0.0296875
0 0.57265625 0.0109375 0.028125 0.02109375
0 0.4265625 0.60546875 0.028125 0.021875
0 0.71796875 0.05078125 0.0265625 0.0296875
0 0.09765625 0.184375 0.03125 0.034375
0 0.7375 0.7265625 0.02109375 0.02265625
0 0.8953125 0.7453125 0.0265625 0.03359375
0 0.42421875 0.53984375 0.0234375 0.02109375
0 0.26328125 0.24375 0.02421875 0.02109375
0 0.2625 0.09609375 0.02421875 0.02578125
0 0.58671875 0.3859375 0.02578125 0.034375
0 0.88046875 0.07890625 0.02265625 0.025
0 0.09921875 0.12421875 0.03125 0.03046875
0 0.884375 0.12421875 0.0390625 0.02578125
0 0.7265625 0.2203125 0.025 0.03359375
0 0.41953125 0.5 0.02265625 0.04609375
0 0.89296875 0.87109375 0.0203125 0.0203125
0 0.5921875 0.83046875 0.021875 0.025
0 0.10078125 0.2234375 0.02265625 0.021875
0 0.42578125 0.69921875 0.02578125 0.034375
0 0.73828125 0.8734375 0.02109375 0.0234375
0 0.88515625 0.259375 0.0203125 0.0171875
0 0.42890625 0.646875 0.02421875 0.02421875
0 0.88984375 0.46796875 0.028125 0.01796875
0 0.89296875 0.56328125 0.03046875 0.02109375
0 0.57421875 0.13203125 0.0234375 0.0296875
0 0.26484375 0.82421875 0.02421875 0.0234375
0 0.896875 0.81875 0.0234375 0.02265625
0 0.58359375 0.45 0.02265625 0.0234375
0 0.59296875 0.67578125 0.03046875 0.03671875
0 0.746875 0.98984375 0.0203125 0.01875
0 0.10546875 0.78046875 0.0203125 0.021875
0 0.6 0.71796875 0.01953125 0.0203125
0 0.27421875 0.72265625 0.02578125 0.02421875
0 0.10234375 0.2640625 0.02109375 0.02265625
0 0.415625 0.446875 0.02421875 0.028125
0 0.7359375 0.828125 0.02109375 0.02421875
0 0.26328125 0.49921875 0.02890625 0.0328125
0 0.40625 0.97265625 0.01953125 0.01796875
0 0.41015625 0.27578125 0.0203125 0.01953125
0 0.58046875 0.478125 0.02421875 0.0234375
0 0.41796875 0.80625 0.02109375 0.02109375
0 0.8859375 0.38828125 0.01875 0.01953125
0 0.72734375 0.13046875 0.0265625 0.021875
0 0.2640625 0.7 0.02421875 0.0234375
0 0.259375 0.62890625 0.021875 0.0234375
0 0.8890625 0.8390625 0.02421875 0.01875
0 0.41953125 0.75703125 0.02109375 0.01953125
0 0.8859375 0.22734375 0.02109375 0.01328125
0 0.40859375 0.1515625 0.02109375 0.01875
0 0.73515625 0.59765625 0.0234375 0.02734375
0 0.41640625 0.09140625 0.0203125 0.0203125
0 0.103125 0.52578125 0.0234375 0.03515625
0 0.2640625 0.18046875 0.01875 0.0203125
0 0.59921875 0.8671875 0.0203125 0.02109375
0 0.1078125 0.428125 0.02265625 0.01953125
0 0.2609375 0.46171875 0.0203125 0.0203125
0 0.7375 0.38828125 0.01953125 0.0203125
0 0.2671875 0.56796875 0.02109375 0.025
0 0.41328125 0.22734375 0.03984375 0.03984375
0 0.26796875 0.93203125 0.028125 0.0359375
0 0.26015625 0.7765625 0.0171875 0.0171875
0 0.2546875 0.39453125 0.01875 0.02421875
0 0.88828125 0.49921875 0.01875 0.01953125
0 0.4078125 0.37578125 0.021875 0.01640625
0 0.2484375 0.5796875 0.025 0.0203125
0 0.89140625 0.61328125 0.021875 0.02578125
0 0.740625 0.3328125 0.0265625 0.0296875
0 0.26640625 0.8734375 0.02421875 0.02265625
0 0.88671875 0.446875 0.01796875 0.01484375
0 0.725 0.44609375 0.02265625 0.02109375
0 0.73984375 0.89765625 0.02109375 0.02265625
0 0.42421875 0.85234375 0.021875 0.0203125
0 0.42890625 0.94296875 0.021875 0.0171875