0 0.82734375 0.73203125 0.01875 0.015625
0 0.50859375 0.31875 0.02578125 0.0203125
0 0.80859375 0.22578125 0.0234375 0.02578125
0 0.65625 0.15625 0.02109375 0.02265625
0 0.0671875 0.56875 0.02109375 0.0234375
0 0.21953125 0.534375 0.0234375 0.01640625
0 0.2140625 0.23671875 0.02265625 0.0234375
0 0.3703125 0.8390625 0.01875 0.02265625
0 0.8171875 0.02421875 0.0203125 0.021875
0 0.509375 0.28671875 0.02421875 0.02109375
0 0.965625 0.1015625 0.01953125 0.01953125
0 0.06875 0.6125 0.02421875 0.021875
0 0.96484375 0.5328125 0.02109375 0.021875
0 0.6703125 0.54296875 0.021875 0.01640625
0 0.81953125 0.7796875 0.0171875 0.01875
0 0.67109375 0.76796875 0.0234375 0.02265625
0 0.36640625 0.3546875 0.01796875 0.01484375
0 0.6609375 0.259375 0.0265625 0.0265625
0 0.66796875 0.575 0.01953125 0.0203125
0 0.5140625 0.19609375 0.02109375 0.021875
0 0.51953125 0.90234375 0.0203125 0.021875
0 0.20390625 0.09609375 0.01875 0.015625
0 0.66015625 0.35859375 0.02265625 0.0203125
0 0.51171875 0.12265625 0.021875 0.0203125
0 0.671875 0.80234375 0.021875 0.0203125
0 0.07265625 0.44375 0.02109375 0.0234375
0 0.51015625 0.15390625 0.02578125 0.01640625
0 0.2109375 0.37421875 0.021875 0.0234375
0 0.96640625 0.55546875 0.0171875 0.01484375
0 0.82109375 0.5578125 0.01953125 0.021875
0 0.0546875 0.18515625 0.02578125 0.0203125
0 0.51640625 0.384375 0.01796875 0.0203125
0 0.81484375 0.290625 0.0203125 0.01796875
0 0.51640625 0.61640625 0.01953125 0.02109375
0 0.82109375 0.82421875 0.01953125 0.0234375
0 0.21640625 0.2109375 0.0203125 0.0171875
0 0.9734375 0.32109375 0.0203125 0.01953125
0 0.66640625 0.64375 0.03515625 0.02890625
0 0.809375 0.1515625 0.01875 0.021875
0 0.053125 0.00703125 0.02578125 0.0140625
0 0.82109375 0.7046875 0.0265625 0.02109375
0 0.51953125 0.65390625 0.01875 0.0203125
0 0.66875 0.84375 0.01875 0.0234375
0 0.0625 0.746875 0.01953125 0.01796875
0 0.36328125 0.378125 0.02578125 0.0171875
0 0.21015625 0.3 0.02109375 0.0171875
0 0.51796875 0.42890625 0.02265625 0.02265625
0 0.21640625 0.28203125 0.01875 0.0171875
0 0.06640625 0.2421875 0.02109375 0.02265625
0 0.51484375 0.7328125 0.021875 0.0171875
0 0.20703125 0.175 0.0203125 0.01875
0 0.209375 0.34140625 0.01640625 0.01796875
0 0.82265625 0.5921875 0.015625 0.01328125
0 0.8234375 0.615625 0.01640625 0.0171875
0 0.51640625 0.51875 0.01953125 0.0203125
0 0.8203125 0.5203125 0.0203125 0.01875
0 0.96953125 0.72578125 0.01875 0.01796875
0 0.36171875 0.01796875 0.025 0.02421875
0 0.2171875 0.8234375 0.025 0.03125
0 0.96796875 0.67734375 0.0171875 0.0171875
0 0.97265625 0.59765625 0.0234375 0.02421875
0 0.5125 0.7671875 0.01953125 0.015625
0 0.35625 0.0765625 0.01796875 0.01953125
0 0.665625 0.51015625 0.02734375 0.02265625
0 0.20859375 0.1296875 0.021875 0.02890625
0 0.3546875 0.99453125 0.02265625 0.0109375
0 0.95859375 0.37734375 0.021875 0.01796875
0 0.96015625 0.65078125 0.01796875 0.01796875
0 0.5171875 0.471875 0.021875 0.02578125
0 0.5171875 0.07421875 0.01953125 0.01953125
0 0.81796875 0.84921875 0.0265625 0.021875
0 0.06328125 0.7015625 0.01640625 0.01875
0 0.06171875 0.3671875 0.02109375 0.0203125
0 0.05546875 0.0484375 0.025 0.021875
0 0.3578125 0.809375 0.01953125 0.0234375
0 0.36171875 0.61328125 0.0296875 0.0328125
0 0.52265625 0.5828125 0.0171875 0.015625
0 0.3671875 0.27890625 0.0203125 0.02109375
0 0.065625 0.390625 0.0265625 0.021875
0 0.96640625 0.753125 0.0203125 0.021875
0 0.5125 0.25859375 0.01953125 0.01484375
0 0.81953125 0.8703125 0.01796875 0.01484375
0 0.359375 0.328125 0.01875 0.01875
0 0.81640625 0.3515625 0.02265625 0.02109375
0 0.51640625 0.23671875 0.01875 0.01796875
0 0.0734375 0.47890625 0.01640625 0.0140625
0 0.20859375 0.04921875 0.02265625 0.0265625
0 0.06484375 0.65390625 0.01875 0.015625
0 0.81484375 0.665625 0.02890625 0.028125
0 0.36015625 0.41796875 0.01875 0.0171875
0 0.21328125 0.4984375 0.02421875 0.04296875
0 0.80625 0.325 0.021875 0.01640625
0 0.81953125 0.46953125 0.015625 0.015625
0 0.22109375 0.61953125 0.01640625 0.03125
0 0.215625 0.44609375 0.02265625 0.01875
0 0.975 0.703125 0.0171875 0.01796875
0 0.0765625 0.953125 0.01875 0.015625
0 0.6671875 0.48046875 0.0296875 0.0265625
0 0.6640625 0.2875 0.01875 0.01796875
0 0.365625 0.2421875 0.01953125 0.0125
0 0.96796875 0.78828125 0.01875 0.02109375
0 0.521875 0.67421875 0.0203125 0.01796875
0 0.36171875 0.22265625 0.02109375 0.0171875
0 0.5140625 0.715625 0.0234375 0.0140625
0 0.06171875 0.3359375 0.0203125 0.02265625
0 0.215625 0.67421875 0.01796875 0.03046875
0 0.06875 0.26484375 0.01796875 0.0140625
0 0.959375 0.4078125 0.02265625 0.01484375
0 0.66328125 0.03046875 0.02109375 0.01640625
0 0.8234375 0.98359375 0.02734375 0.03046875
0 0.3609375 0.403125 0.02109375 0.01796875
0 0.215625 0.5640625 0.01484375 0.01484375
0 0.52265625 0.5421875 0.0140625 0.01484375
0 0.6625 0.31953125 0.015625 0.01640625
0 0.6625 0.4125 0.02109375 0.021875
0 0.665625 0.87578125 0.02109375 0.0171875
0 0.659375 0.1890625 0.01328125 0.0140625
0 0.81015625 0.059375 0.015625 0.01796875
0 0.21875 0.88515625 0.021875 0.02421875
0 0.21796875 0.94296875 0.01875 0.01640625
0 0.3671875 0.95 0.0203125 0.015625
0 0.22265625 0.92265625 0.02265625 0.02109375
0 0.5234375 0.85 0.01875 0.01640625
0 0.515625 0.05859375 0.02109375 0.015625
0 0.96875 0.428125 0.0171875 0.01484375
0 0.3640625 0.52265625 0.028125 0.02265625
0 0.8125 0.94765625 0.0234375 0.03359375
0 0.66484375 0.9234375 0.01640625 0.01875
0 0.66015625 0.89921875 0.0140625 0.015625
0 0.5234375 0.83359375 0.01875 0.01796875
0 0.81328125 0.44921875 0.01953125 0.01796875
0 0.95078125 0.2484375 0.021875 0.01875
0 0.94296875 0.1359375 0.021875 0.0234375
0 0.8078125 0.1265625 0.021875 0.01953125
0 0.36484375 0.71875 0.02265625 0.03984375