0 0.7203125 0.06953125 0.02421875 0.0265625
0 0.7203125 0.10703125 0.03203125 0.02421875
0 0.43203125 0.33984375 0.028125 0.02734375
0 0.8765625 0.4 0.0265625 0.02109375
0 0.88828125 0.771875 0.0296875 0.0234375
0 0.57421875 0.98984375 0.02421875 0.01875
0 0.87109375 0.540625 0.01640625 0.01796875
0 0.115625 0.35546875 0.02890625 0.02578125
0 0.86875 0.02578125 0.03203125 0.03203125
0 0.71484375 0.24296875 0.0359375 0.0234375
0 0.71796875 0.42421875 0.01875 0.01875
0 0.58125 0.690625 0.02265625 0.02265625
0 0.28828125 0.1078125 0.0234375 0.02109375
0 0.42734375 0.57421875 0.02109375 0.021875
0 0.8859375 0.809375 0.0296875 0.015625
0 0.43125 0.37734375 0.01953125 0.01953125
0 0.42734375 0.13125 0.0203125 0.02578125
0 0.1234375 0.38515625 0.0171875 0.015625
0 0.71875 0.21015625 0.021875 0.02578125
0 0.125 0.1515625 0.02421875 0.02421875
0 0.86953125 0.1125 0.01953125 0.01796875
0 0.740625 0.75390625 0.02109375 0.01953125
0 0.128125 0.690625 0.0203125 0.0171875
0 0.584375 0.959375 0.0234375 0.02890625
0 0.284375 0.78828125 0.01953125 0.0171875
0 0.2765625 0.06484375 0.02265625 0.021875
0 0.73046875 0.7109375 0.01640625 0.02265625
0 0.72265625 0.1515625 0.0203125 0.02890625
0 0.56640625 0.93359375 0.01953125 0.02265625
0 0.4375 0.628125 0.0234375 0.02890625
0 0.89296875 0.98046875 0.01953125 0.01796875
0 0.12734375 0.55234375 0.01875 0.0171875
0 0.1234375 0.20859375 0.01953125 0.01875
0 0.5734375 0.37109375 0.01796875 0.015625
0 0.43359375 0.509375 0.02265625 0.025
0 0.565625 0.16796875 0.034375 0.02109375
0 0.56796875 0.14140625 0.03203125 0.02578125
0 0.29453125 0.721875 0.02734375 0.01953125
0 0.12578125 0.46953125 0.02890625 0.02578125
0 0.4265625 0.1703125 0.01875 0.01796875
0 0.2875 0.83125 0.02265625 0.021875
0 0.734375 0.66328125 0.01875 0.01796875
0 0.28359375 0.63203125 0.03125 0.0265625
0 0.89140625 0.94921875 0.0203125 0.01875
0 0.1234375 0.51640625 0.025 0.0234375
0 0.12265625 0.315625 0.0203125 0.015625
0 0.27890625 0.421875 0.03359375 0.025
0 0.43203125 0.87265625 0.02890625 0.01953125
0 0.4296875 0.44921875 0.02109375 0.01640625
0 0.88671875 0.7140625 0.01796875 0.0171875
0 0.28828125 0.75625 0.02265625 0.01953125
0 0.86484375 0.221875 0.0359375 0.021875
0 0.2734375 0.00703125 0.01875 0.01328125
0 0.12890625 0.7578125 0.03125 0.0265625
0 0.72734375 0.79609375 0.0203125 0.021875
0 0.28046875 0.2078125 0.0234375 0.01796875
0 0.4234375 0.24375 0.01484375 0.01640625
0 0.71015625 0.359375 0.01796875 0.021875
0 0.56796875 0.1875 0.02265625 0.02109375
0 0.1265625 0.28203125 0.02421875 0.025
0 0.27578125 0.23046875 0.0265625 0.0203125
0 0.58125 0.7796875 0.02109375 0.01875
0 0.28203125 0.55 0.01875 0.02109375
0 0.73671875 0.903125 0.021875 0.0203125
0 0.7390625 0.84375 0.02109375 0.028125
0 0.578125 0.8390625 0.01875 0.01796875
0 0.12578125 0.09609375 0.02265625 0.01953125
0 0.41875 0.26484375 0.02109375 0.02109375
0 0.565625 0.3328125 0.03671875 0.028125
0 0.41640625 0.2875 0.02109375 0.02421875
0 0.734375 0.8796875 0.02265625 0.0171875
0 0.12421875 0.00546875 0.03125 0.01015625
0 0.28828125 0.4875 0.02421875 0.01875
0 0.27890625 0.35625 0.02109375 0.0234375
0 0.28125 0.51640625 0.0171875 0.01875
0 0.73359375 0.3 0.01875 0.02109375
0 0.2875 0.6546875 0.0234375 0.0140625
0 0.86328125 0.2609375 0.0234375 0.025
0 0.11953125 0.05703125 0.0171875 0.01796875
0 0.57109375 0.5265625 0.03828125 0.0390625
0 0.5765625 0.80234375 0.0171875 0.015625
0 0.440625 0.78984375 0.01796875 0.01796875
0 0.1234375 0.0296875 0.021875 0.01796875
0 0.5640625 0.20703125 0.02109375 0.0140625
0 0.125 0.1765625 0.01875 0.01328125
0 0.571875 0.72109375 0.03125 0.01484375
0 0.28984375 0.690625 0.02578125 0.0203125
0 0.73671875 0.9859375 0.01953125 0.01796875
0 0.4359375 0.853125 0.021875 0.01953125
0 0.565625 0.48359375 0.02890625 0.02578125
0 0.43671875 0.39921875 0.0203125 0.01640625
0 0.2859375 0.90078125 0.01953125 0.015625
0 0.2875 0.95078125 0.01875 0.015625
0 0.43671875 0.9515625 0.01875 0.01640625
0 0.728125 0.93359375 0.01640625 0.0171875
0 0.26328125 0.1625 0.0265625 0.0203125
0 0.28828125 0.671875 0.025 0.021875
0 0.72265625 0.59296875 0.02109375 0.01875
0 0.8921875 0.85078125 0.02265625 0.02421875
0 0.56953125 0.234375 0.01953125 0.02265625
0 0.7203125 0.54765625 0.02578125 0.0265625
0 0.7328125 0.50703125 0.021875 0.02109375
0 0.57734375 0.90078125 0.03984375 0.02578125
0 0.56328125 0.02109375 0.03046875 0.0421875
0 0.9828125 0.2046875 0.00234375 0.00078125