0 0.425 0.25234375 0.03125 0.02734375
0 0.42421875 0.01328125 0.0328125 0.0265625
0 0.590625 0.975 0.03203125 0.05
0 0.425 0.39609375 0.03125 0.0328125
0 0.2640625 0.05 0.03046875 0.03125
0 0.8828125 0.61953125 0.0296875 0.034375
0 0.5734375 0.3515625 0.034375 0.03828125
0 0.8859375 0.9390625 0.03515625 0.0359375
0 0.265625 0.10859375 0.03125 0.03359375
0 0.57421875 0.2578125 0.03046875 0.0265625
0 0.5640625 0.01328125 0.028125 0.0265625
0 0.8734375 0.184375 0.03203125 0.0359375
0 0.43515625 0.46875 0.03203125 0.0359375
0 0.43125 0.28125 0.02890625 0.0234375
0 0.28046875 0.8453125 0.021875 0.0203125
0 0.26796875 0.26015625 0.034375 0.03515625
0 0.884375 0.65625 0.028125 0.025
0 0.2703125 0.4890625 0.03359375 0.03203125
0 0.27109375 0.146875 0.03359375 0.028125
0 0.734375 0.20703125 0.02734375 0.02734375
0 0.578125 0.8125 0.034375 0.03671875
0 0.57734375 0.28125 0.02734375 0.0234375
0 0.1171875 0.80234375 0.03828125 0.0359375
0 0.43203125 0.04375 0.028125 0.0265625
0 0.73125 0.5953125 0.03203125 0.0328125
0 0.2734375 0.9609375 0.0375 0.02421875
0 0.72890625 0.39921875 0.03359375 0.02890625
0 0.578125 0.65234375 0.02265625 0.02421875
0 0.275 0.73359375 0.0296875 0.02578125
0 0.8703125 0.2828125 0.02890625 0.034375
0 0.2703125 0.2265625 0.0375 0.02265625
0 0.8828125 0.68046875 0.02578125 0.021875
0 0.28203125 0.87421875 0.02578125 0.025
0 0.4265625 0.21640625 0.03359375 0.02578125
0 0.890625 0.884375 0.03203125 0.028125
0 0.1078125 0.084375 0.0328125 0.0390625
0 0.43828125 0.79375 0.0265625 0.02578125
0 0.10625 0.3328125 0.03203125 0.03515625
0 0.58125 0.5015625 0.025 0.02421875
0 0.86875 0.39453125 0.01953125 0.01953125
0 0.4328125 0.7515625 0.0328125 0.03515625
0 0.42578125 0.18671875 0.025 0.02421875
0 0.12890625 0.71796875 0.02578125 0.0265625
0 0.43203125 0.35859375 0.034375 0.03203125
0 0.43828125 0.95390625 0.028125 0.04296875
0 0.73046875 0.2421875 0.03046875 0.03046875
0 0.57578125 0.12578125 0.02265625 0.0234375
0 0.278125 0.61171875 0.03125 0.03203125
0 0.43359375 0.82578125 0.03359375 0.0234375
0 0.27890625 0.81484375 0.02265625 0.02265625
0 0.884375 0.7125 0.0234375 0.0234375
0 0.12734375 0.759375 0.0265625 0.02890625
0 0.284375 0.99453125 0.02265625 0.0109375
0 0.12109375 0.20703125 0.025 0.02109375
0 0.28203125 0.92890625 0.025 0.0234375
0 0.73984375 0.9578125 0.02890625 0.02890625
0 0.42421875 0.7 0.02578125 0.021875
0 0.73671875 0.990625 0.0234375 0.01875
0 0.11796875 0.4078125 0.02890625 0.03984375
0 0.8703125 0.1015625 0.02421875 0.02265625
0 0.43046875 0.59765625 0.02265625 0.01953125
0 0.7265625 0.27578125 0.02890625 0.02578125
0 0.10390625 0.17265625 0.02109375 0.021875
0 0.12578125 0.67890625 0.025 0.028125
0 0.8765625 0.35859375 0.02890625 0.0265625
0 0.12578125 0.58359375 0.02890625 0.0265625
0 0.57734375 0.60546875 0.0234375 0.02109375
0 0.58125 0.88671875 0.025 0.02734375
0 0.434375 0.62890625 0.0265625 0.02421875
0 0.12578125 0.9546875 0.02421875 0.0296875
0 0.27578125 0.44609375 0.02734375 0.03046875
0 0.43203125 0.56171875 0.02109375 0.01796875
0 0.57578125 0.20859375 0.0265625 0.03984375
0 0.44296875 0.30625 0.028125 0.02734375
0 0.58203125 0.85625 0.02421875 0.021875
0 0.7265625 0.35703125 0.0265625 0.02578125
0 0.575 0.0953125 0.02265625 0.02109375
0 0.7328125 0.71328125 0.0234375 0.0203125
0 0.88125 0.50625 0.02421875 0.02265625
0 0.5734375 0.05078125 0.02578125 0.03203125
0 0.73984375 0.43359375 0.03046875 0.02578125
0 0.1234375 0.54375 0.028125 0.02890625
0 0.571875 0.75859375 0.028125 0.02421875
0 0.8875 0.99375 0.0265625 0.01171875
0 0.42265625 0.13125 0.03046875 0.03828125
0 0.728125 0.31484375 0.02890625 0.03125
0 0.2671875 0.69375 0.01875 0.0296875
0 0.26796875 0.36328125 0.028125 0.04609375
0 0.73671875 0.78359375 0.02890625 0.03515625
0 0.2765625 0.41796875 0.02421875 0.02578125
0 0.88046875 0.45 0.02265625 0.028125
0 0.75234375 0.8796875 0.02109375 0.0203125
0 0.4328125 0.67265625 0.03046875 0.02265625
0 0.121875 0.6515625 0.025 0.025
0 0.43046875 0.52578125 0.02578125 0.0234375
0 0.871875 0.0078125 0.02578125 0.015625
0 0.5796875 0.7234375 0.02578125 0.0203125
0 0.1109375 0.28125 0.02578125 0.02421875
0 0.58125 0.553125 0.02109375 0.0203125
0 0.43515625 0.6515625 0.0234375 0.0171875
0 0.73515625 0.5375 0.02578125 0.021875
0 0.73828125 0.67265625 0.0234375 0.02265625
0 0.73828125 0.0171875 0.02265625 0.0234375
0 0.8765625 0.0328125 0.0265625 0.03125
0 0.88125 0.77421875 0.025 0.02265625
0 0.26796875 0.19921875 0.02890625 0.025