0 0.0625 0.91640625 0.028125 0.02578125
0 0.04921875 0.51796875 0.034375 0.025
0 0.3453125 0.54609375 0.03125 0.02734375
0 0.20546875 0.8390625 0.0265625 0.0265625
0 0.33828125 0.10625 0.03359375 0.0296875
0 0.35625 0.615625 0.025 0.0296875
0 0.6609375 0.02734375 0.028125 0.0234375
0 0.821875 0.51796875 0.0265625 0.028125
0 0.66640625 0.33203125 0.02734375 0.02578125
0 0.9703125 0.4375 0.02578125 0.0296875
0 0.06171875 0.98203125 0.0265625 0.028125
0 0.36953125 0.85703125 0.02421875 0.02265625
0 0.66484375 0.1109375 0.0359375 0.0265625
0 0.3421875 0.15859375 0.02421875 0.02421875
0 0.978125 0.5796875 0.0234375 0.02578125
0 0.66171875 0.07265625 0.028125 0.03515625
0 0.97734375 0.74140625 0.0234375 0.025
0 0.9796875 0.47890625 0.02265625 0.02265625
0 0.35546875 0.89375 0.025 0.025
0 0.80703125 0.03828125 0.028125 0.02734375
0 0.05 0.48203125 0.0203125 0.02265625
0 0.35078125 0.70390625 0.02421875 0.02578125
0 0.20390625 0.80625 0.02421875 0.0265625
0 0.05234375 0.71484375 0.028125 0.0375
0 0.5109375 0.41484375 0.02421875 0.03046875
0 0.34921875 0.515625 0.02109375 0.021875
0 0.34609375 0.66328125 0.0234375 0.02578125
0 0.35390625 0.73359375 0.02578125 0.021875
0 0.81484375 0.0765625 0.0265625 0.028125
0 0.04921875 0.44296875 0.02421875 0.0265625
0 0.9671875 0.10234375 0.02265625 0.025
0 0.503125 0.66328125 0.021875 0.025
0 0.9765625 0.6140625 0.02109375 0.025
0 0.04140625 0.2578125 0.02421875 0.0265625
0 0.04453125 0.09609375 0.021875 0.021875
0 0.9734375 0.70546875 0.01953125 0.01796875
0 0.83203125 0.72265625 0.02265625 0.025
0 0.196875 0.86875 0.0296875 0.02265625
0 0.98125 0.66171875 0.0234375 0.02734375
0 0.984375 0.90078125 0.02109375 0.021875
0 0.18203125 0.03203125 0.0265625 0.028125
0 0.34140625 0.49296875 0.02265625 0.02109375
0 0.18984375 0.128125 0.0234375 0.025
0 0.03984375 0.0125 0.025 0.02421875
0 0.6734375 0.9671875 0.01953125 0.01875
0 0.03984375 0.0609375 0.02421875 0.02421875
0 0.96953125 0.13046875 0.02421875 0.02421875
0 0.33828125 0.0484375 0.021875 0.0234375
0 0.81953125 0.3953125 0.0234375 0.02734375
0 0.66171875 0.19375 0.0296875 0.02890625
0 0.67421875 0.55625 0.0203125 0.0234375
0 0.35234375 0.8296875 0.025 0.0234375
0 0.66796875 0.6203125 0.02890625 0.02734375
0 0.8265625 0.5609375 0.02578125 0.01953125
0 0.67578125 0.99296875 0.01953125 0.0140625
0 0.83359375 0.96015625 0.0203125 0.02265625
0 0.96328125 0.384375 0.02578125 0.0234375
0 0.05078125 0.58828125 0.02421875 0.02421875
0 0.03515625 0.1828125 0.025 0.0234375
0 0.3453125 0.371875 0.025 0.0265625
0 0.96484375 0.04609375 0.02109375 0.02109375
0 0.50234375 0.1890625 0.028125 0.02890625
0 0.33671875 0.275 0.0234375 0.02109375
0 0.81328125 0.11015625 0.03203125 0.02890625
0 0.978125 0.8109375 0.02109375 0.02109375
0 0.0546875 0.61640625 0.0234375 0.0203125
0 0.6640625 0.15390625 0.0234375 0.025
0 0.20234375 0.76328125 0.0203125 0.021875
0 0.65625 0.24765625 0.0296875 0.021875
0 0.4953125 0.34453125 0.01953125 0.02578125
0 0.8203125 0.4609375 0.02265625 0.02109375
0 0.18671875 0.07109375 0.03125 0.02734375
0 0.98828125 0.98515625 0.02265625 0.021875
0 0.5015625 0.69375 0.0234375 0.02109375
0 0.4953125 0.56640625 0.01875 0.01953125
0 0.3421875 0.1890625 0.02265625 0.01875
0 0.48984375 0.5390625 0.02421875 0.01953125
0 0.1890625 0.296875 0.02265625 0.02265625
0 0.3515625 0.934375 0.0265625 0.03515625
0 0.35078125 0.80859375 0.02890625 0.01953125
0 0.05390625 0.65 0.025 0.02265625
0 0.67109375 0.44609375 0.02109375 0.02109375
0 0.0390625 0.12265625 0.02109375 0.0234375
0 0.4921875 0.6203125 0.01953125 0.01796875
0 0.49296875 0.596875 0.02109375 0.02109375
0 0.96640625 0.32578125 0.02890625 0.02421875
0 0.1890625 0.26171875 0.03046875 0.028125
0 0.82890625 0.85546875 0.025 0.0234375
0 0.1796875 0.171875 0.0203125 0.01953125
0 0.17734375 0.0046875 0.02421875 0.009375
0 0.6734375 0.8421875 0.0234375 0.0328125
0 0.059375 0.796875 0.0265625 0.01953125
0 0.83046875 0.75625 0.0203125 0.02265625
0 0.18046875 0.19296875 0.0234375 0.02109375
0 0.046875 0.3265625 0.02265625 0.0234375
0 0.978125 0.4015625 0.0203125 0.01796875
0 0.67421875 0.4875 0.0265625 0.0203125
0 0.66953125 0.725 0.02265625 0.02890625
0 0.82578125 0.88125 0.021875 0.01640625
0 0.20625 0.9484375 0.02578125 0.025
0 0.5 0.16640625 0.02421875 0.02734375
0 0.21015625 0.9765625 0.0203125 0.02109375
0 0.81640625 0.26953125 0.02265625 0.0203125
0 0.2 0.70390625 0.025 0.034375
0 0.828125 0.5953125 0.02421875 0.0234375
0 0.1953125 0.60859375 0.028125 0.04453125
0 0.03984375 0.20625 0.0234375 0.01875
0 0.04140625 0.29140625 0.01875 0.01640625
0 0.6703125 0.671875 0.0203125 0.0234375
0 0.96875 0.275 0.021875 0.03125
0 0.96640625 0.00859375 0.021875 0.0171875
0 0.19765625 0.3546875 0.02265625 0.0234375
0 0.1953125 0.546875 0.0234375 0.0359375
0 0.50859375 0.99296875 0.021875 0.01171875
0 0.8109375 0.2375 0.0171875 0.0171875
0 0.81796875 0.3546875 0.021875 0.02421875
0 0.66171875 0.00390625 0.0234375 0.0078125
0 0.8125 0.2875 0.02109375 0.01875
0 0.8125 0.18125 0.028125 0.028125