0 0.2625 0.39453125 0.03515625 0.03046875
0 0.2765625 0.9765625 0.0296875 0.0296875
0 0.2734375 0.6265625 0.03515625 0.02578125
0 0.2734375 0.82890625 0.0265625 0.02890625
0 0.11953125 0.7953125 0.02421875 0.02109375
0 0.26015625 0.47578125 0.03671875 0.03125
0 0.2703125 0.5640625 0.0296875 0.02578125
0 0.90390625 0.3796875 0.0296875 0.0296875
0 0.11875 0.85390625 0.02890625 0.03125
0 0.428125 0.70234375 0.03203125 0.0265625
0 0.43125 0.5765625 0.02578125 0.03203125
0 0.11953125 0.82265625 0.0234375 0.02109375
0 0.2640625 0.26953125 0.02890625 0.0296875
0 0.5890625 0.42265625 0.02578125 0.02265625
0 0.26171875 0.2234375 0.02890625 0.03125
0 0.26640625 0.59609375 0.02734375 0.02421875
0 0.109375 0.721875 0.02421875 0.021875
0 0.26640625 0.43359375 0.03046875 0.02734375
0 0.896875 0.11015625 0.0265625 0.02734375
0 0.12265625 0.8921875 0.02890625 0.0296875
0 0.9 0.565625 0.025 0.02265625
0 0.58046875 0.39453125 0.02734375 0.02734375
0 0.7453125 0.57890625 0.0234375 0.01796875
0 0.734375 0.2125 0.034375 0.034375
0 0.58671875 0.4453125 0.025 0.0203125
0 0.26796875 0.05546875 0.03515625 0.0265625
0 0.4265625 0.73359375 0.02734375 0.02109375
0 0.12265625 0.64765625 0.028125 0.02578125
0 0.59375 0.4703125 0.0296875 0.0296875
0 0.89765625 0.1828125 0.02890625 0.0296875
0 0.75078125 0.6078125 0.02578125 0.02578125
0 0.74921875 0.48359375 0.0265625 0.0234375
0 0.27890625 0.7703125 0.03359375 0.025
0 0.43046875 0.5078125 0.028125 0.03125
0 0.27421875 0.66171875 0.03046875 0.03203125
0 0.9078125 0.7421875 0.0265625 0.0296875
0 0.7625 0.784375 0.02578125 0.02890625
0 0.27421875 0.88203125 0.025 0.025
0 0.74140625 0.65234375 0.0265625 0.0234375
0 0.89921875 0.48203125 0.025 0.02265625
0 0.7546875 0.7375 0.025 0.02578125
0 0.25546875 0.01796875 0.03203125 0.0359375
0 0.41328125 0.0953125 0.034375 0.04609375
0 0.103125 0.15078125 0.03125 0.0390625
0 0.4359375 0.7625 0.02734375 0.0265625
0 0.27734375 0.925 0.0234375 0.02265625
0 0.1203125 0.54765625 0.03125 0.0359375
0 0.58828125 0.159375 0.028125 0.02890625
0 0.90625 0.83203125 0.025 0.0234375
0 0.9140625 0.79375 0.02421875 0.0234375
0 0.74140625 0.159375 0.025 0.028125
0 0.8984375 0.5953125 0.0234375 0.02109375
0 0.275 0.73515625 0.0296875 0.03359375
0 0.58359375 0.2953125 0.028125 0.028125
0 0.2609375 0.1734375 0.02734375 0.03828125
0 0.91640625 0.99140625 0.0296875 0.0171875
0 0.4171875 0.03046875 0.025 0.02421875
0 0.575 0.0625 0.021875 0.025
0 0.10078125 0.2375 0.02265625 0.02265625
0 0.90625 0.50859375 0.0234375 0.0203125
0 0.74140625 0.3859375 0.0265625 0.028125
0 0.58046875 0.63203125 0.021875 0.0234375
0 0.6 0.8078125 0.021875 0.021875
0 0.8953125 0.234375 0.0296875 0.0375
0 0.75546875 0.85390625 0.021875 0.02265625
0 0.909375 0.89375 0.02578125 0.028125
0 0.8984375 0.278125 0.021875 0.02578125
0 0.121875 0.59375 0.0359375 0.03125
0 0.41875 0.23515625 0.02890625 0.0296875
0 0.90546875 0.34140625 0.0265625 0.02421875
0 0.59765625 0.84453125 0.02265625 0.02421875
0 0.4328125 0.66171875 0.021875 0.02421875
0 0.2578125 0.1125 0.028125 0.03203125
0 0.5859375 0.346875 0.02421875 0.0265625
0 0.60078125 0.8828125 0.028125 0.02578125
0 0.42421875 0.403125 0.03046875 0.0359375
0 0.584375 0.55390625 0.0296875 0.021875
0 0.58125 0.5765625 0.02734375 0.025
0 0.1203125 0.915625 0.02734375 0.0265625
0 0.1078125 0.196875 0.01953125 0.02109375
0 0.74765625 0.4421875 0.02265625 0.02109375
0 0.578125 0.2609375 0.03203125 0.021875
0 0.26484375 0.3171875 0.0296875 0.02578125
0 0.42734375 0.34296875 0.021875 0.01953125
0 0.934375 0.65078125 0.03046875 0.02265625
0 0.42421875 0.5484375 0.021875 0.02109375
0 0.4390625 0.825 0.0234375 0.02421875
0 0.434375 0.95078125 0.0203125 0.02109375
0 0.5953125 0.60078125 0.0265625 0.0203125
0 0.915625 0.91953125 0.02421875 0.0171875
0 0.74375 0.2984375 0.025 0.02109375
0 0.11328125 0.0609375 0.021875 0.02109375
0 0.75546875 0.70234375 0.02109375 0.02109375
0 0.74375 0.34296875 0.0265625 0.0171875
0 0.4328125 0.4515625 0.0265625 0.01875
0 0.8890625 0.0171875 0.02265625 0.0234375
0 0.6015625 0.9828125 0.02109375 0.021875
0 0.446875 0.903125 0.028125 0.01953125
0 0.5984375 0.9234375 0.021875 0.0203125
0 0.4265625 0.171875 0.0234375 0.02109375
0 0.1171875 0.484375 0.028125 0.0328125
0 0.26328125 0.3390625 0.02578125 0.0234375
0 0.27578125 0.68515625 0.028125 0.02421875
0 0.1125 0.43671875 0.028125 0.0296875
0 0.1078125 0.384375 0.02890625 0.0265625
0 0.5921875 0.6671875 0.021875 0.02109375
0 0.59375 0.73359375 0.0234375 0.03046875
0 0.74453125 0.07421875 0.01953125 0.028125
0 0.76171875 0.91328125 0.021875 0.02421875