0 0.5828125 0.81953125 0.0203125 0.02890625
0 0.42421875 0.534375 0.028125 0.0328125
0 0.71875 0.2578125 0.0390625 0.01953125
0 0.734375 0.609375 0.025 0.0296875
0 0.1078125 0.74609375 0.01953125 0.021875
0 0.1078125 0.66328125 0.02265625 0.02265625
0 0.4265625 0.2921875 0.0203125 0.02109375
0 0.1078125 0.80859375 0.01875 0.02265625
0 0.58828125 0.91484375 0.028125 0.03203125
0 0.425 0.484375 0.0234375 0.02421875
0 0.7296875 0.3546875 0.01953125 0.01953125
0 0.7265625 0.2796875 0.02109375 0.0203125
0 0.72578125 0.1828125 0.0203125 0.02734375
0 0.43203125 0.84296875 0.02578125 0.03203125
0 0.75 0.81171875 0.034375 0.0203125
0 0.41875 0.1890625 0.01953125 0.01875
0 0.5796875 0.5328125 0.01640625 0.015625
0 0.42265625 0.675 0.02734375 0.0234375
0 0.43125 0.74453125 0.02265625 0.0234375
0 0.734375 0.31953125 0.02109375 0.02265625
0 0.2671875 0.80703125 0.02265625 0.0171875
0 0.109375 0.8984375 0.01796875 0.02109375
0 0.89609375 0.6015625 0.02109375 0.0203125
0 0.4109375 0.39453125 0.0203125 0.01484375
0 0.7296875 0.565625 0.01640625 0.015625
0 0.5703125 0.7578125 0.02734375 0.01796875
0 0.2625 0.7265625 0.02421875 0.0171875
0 0.57890625 0.775 0.02265625 0.0171875
0 0.10859375 0.9609375 0.01875 0.01953125
0 0.4140625 0.25703125 0.01875 0.0328125
0 0.5890625 0.85703125 0.02421875 0.03203125
0 0.09140625 0.428125 0.021875 0.0203125
0 0.109375 0.84765625 0.0203125 0.0171875
0 0.73125 0.23125 0.01796875 0.02734375
0 0.57734375 0.6640625 0.02265625 0.02265625
0 0.1015625 0.45625 0.021875 0.0203125
0 0.89609375 0.2875 0.0234375 0.0203125
0 0.10625 0.7125 0.02890625 0.0203125
0 0.2625 0.39765625 0.02578125 0.03046875
0 0.89296875 0.55625 0.01875 0.015625
0 0.571875 0.5671875 0.02734375 0.02890625
0 0.41875 0.446875 0.02265625 0.01875
0 0.89375 0.51640625 0.02265625 0.02421875
0 0.4359375 0.5890625 0.01953125 0.01953125
0 0.71953125 0.009375 0.0265625 0.01875
0 0.25859375 0.9921875 0.02109375 0.015625
0 0.42734375 0.35390625 0.02265625 0.03125
0 0.10390625 0.48125 0.01875 0.0140625
0 0.10703125 0.51875 0.01953125 0.02734375
0 0.74140625 0.8703125 0.02421875 0.01953125
0 0.725 0.1421875 0.0203125 0.01796875
0 0.73359375 0.6765625 0.01796875 0.015625
0 0.42578125 0.78671875 0.0203125 0.01875
0 0.2671875 0.87734375 0.025 0.02109375
0 0.26328125 0.64765625 0.0203125 0.01953125
0 0.1109375 0.61875 0.01875 0.01796875
0 0.10234375 0.0328125 0.02109375 0.01953125
0 0.25234375 0.0546875 0.02265625 0.02890625
0 0.8875 0.22421875 0.02109375 0.01796875
0 0.26640625 0.60390625 0.025 0.01875
0 0.24375 0.30859375 0.02734375 0.0203125
0 0.58359375 0.2734375 0.0203125 0.01953125
0 0.2609375 0.6765625 0.0203125 0.0171875
0 0.8875 0.72109375 0.01953125 0.0140625
0 0.8890625 0.484375 0.01484375 0.015625
0 0.09453125 0.28203125 0.02421875 0.021875
0 0.43046875 0.8875 0.01953125 0.01953125
0 0.41953125 0.428125 0.02109375 0.0171875
0 0.2390625 0.10859375 0.021875 0.015625
0 0.25546875 0.33046875 0.02265625 0.021875
0 0.253125 0.22421875 0.0171875 0.01796875
0 0.41484375 0.0359375 0.0265625 0.0203125
0 0.56875 0.0984375 0.015625 0.015625
0 0.09375 0.34921875 0.02421875 0.02265625
0 0.1015625 0.38359375 0.0171875 0.01953125
0 0.5671875 0.1296875 0.0203125 0.01640625
0 0.8875 0.359375 0.021875 0.01796875
0 0.25 0.2625 0.02265625 0.015625
0 0.09765625 0.13515625 0.02109375 0.01796875
0 0.7375 0.9015625 0.01796875 0.015625
0 0.265625 0.5171875 0.02109375 0.0171875
0 0.4265625 0.56953125 0.02890625 0.0234375
0 0.8953125 0.9125 0.0203125 0.0203125
0 0.5703125 0.3640625 0.01875 0.0296875
0 0.43203125 0.9375 0.01796875 0.01953125
0 0.26640625 0.775 0.021875 0.01953125
0 0.5703125 0.153125 0.0171875 0.01796875
0 0.9015625 0.65078125 0.01953125 0.0203125
0 0.09453125 0.0671875 0.02265625 0.02109375
0 0.265625 0.8953125 0.02421875 0.0171875
0 0.73671875 0.8515625 0.0265625 0.02734375
0 0.57734375 0.45703125 0.01953125 0.03203125
0 0.42734375 0.97890625 0.01953125 0.01875
0 0.57890625 0.71171875 0.021875 0.02109375
0 0.7390625 0.95546875 0.01796875 0.01328125
0 0.8953125 0.76328125 0.0171875 0.03125
0 0.10390625 0.60234375 0.02578125 0.02421875
0 0.26875 0.9453125 0.02109375 0.0203125
0 0.7296875 0.046875 0.02421875 0.02265625
0 0.90234375 0.81640625 0.02734375 0.02421875
0 0.903125 0.87265625 0.034375 0.02109375
0 0.890625 0.446875 0.02109375 0.01953125
0 0.253125 0.17578125 0.02265625 0.02265625
0 0.90078125 0.978125 0.0296875 0.03359375
0 0.73671875 0.7921875 0.02265625 0.0234375
0 0.8875 0.04609375 0.0203125 0.0234375