0 0.5203125 0.1703125 0.01875 0.0171875
0 0.35078125 0.4671875 0.0203125 0.02265625
0 0.81640625 0.19140625 0.03203125 0.0234375
0 0.9578125 0.434375 0.01875 0.01875
0 0.49765625 0.80078125 0.01875 0.0203125
0 0.5015625 0.653125 0.02109375 0.0234375
0 0.80546875 0.43203125 0.01875 0.01953125
0 0.49609375 0.75703125 0.01953125 0.021875
0 0.08203125 0.56171875 0.01796875 0.01875
0 0.5 0.61328125 0.021875 0.0203125
0 0.4953125 0.6984375 0.0203125 0.021875
0 0.3328125 0.98359375 0.01953125 0.01484375
0 0.18515625 0.67890625 0.01796875 0.01875
0 0.075 0.80703125 0.0203125 0.01875
0 0.9703125 0.22421875 0.01875 0.01953125
0 0.07421875 0.7796875 0.02421875 0.0203125
0 0.9734375 0.24375 0.01640625 0.01640625
0 0.64453125 0.4953125 0.01953125 0.02109375
0 0.48515625 0.81953125 0.01796875 0.0171875
0 0.215625 0.3046875 0.02265625 0.01875
0 0.1859375 0.7546875 0.01640625 0.01796875
0 0.9515625 0.565625 0.0203125 0.01875
0 0.37109375 0.1578125 0.0171875 0.01796875
0 0.82734375 0.02265625 0.02734375 0.0265625
0 0.9578125 0.41328125 0.0203125 0.0125
0 0.7828125 0.81640625 0.02265625 0.015625
0 0.1921875 0.5890625 0.01875 0.01875
0 0.7921875 0.671875 0.01875 0.01640625
0 0.6640625 0.35234375 0.02109375 0.02265625
0 0.07734375 0.41484375 0.01875 0.0234375
0 0.078125 0.3484375 0.01953125 0.02109375
0 0.08125 0.1203125 0.0203125 0.02109375
0 0.5046875 0.4859375 0.01640625 0.025
0 0.66796875 0.15859375 0.0203125 0.02265625
0 0.6265625 0.921875 0.0171875 0.01875