0 0.66171875 0.921875 0.03046875 0.034375
0 0.65078125 0.05703125 0.028125 0.0234375
0 0.8078125 0.43046875 0.02421875 0.0234375
0 0.6546875 0.0859375 0.03046875 0.0265625
0 0.959375 0.23125 0.0359375 0.03203125
0 0.95546875 0.68671875 0.02734375 0.0296875
0 0.9515625 0.96015625 0.03046875 0.0265625
0 0.9515625 0.653125 0.02578125 0.02265625
0 0.809375 0.4515625 0.02265625 0.02109375
0 0.8125 0.48125 0.02578125 0.02734375
0 0.95390625 0.615625 0.03046875 0.02578125
0 0.21328125 0.42109375 0.021875 0.01953125
0 0.665625 0.9546875 0.03125 0.0265625
0 0.8109375 0.5109375 0.02578125 0.02265625
0 0.8046875 0.396875 0.02421875 0.0234375
0 0.81640625 0.93828125 0.02734375 0.025
0 0.80625 0.2796875 0.025 0.02734375
0 0.953125 0.51796875 0.03046875 0.0328125
0 0.36484375 0.25625 0.01953125 0.01953125
0 0.9578125 0.584375 0.025 0.02578125
0 0.51640625 0.76875 0.02109375 0.021875
0 0.81484375 0.81328125 0.03671875 0.0296875
0 0.81640625 0.85546875 0.025 0.03046875
0 0.36015625 0.50390625 0.028125 0.0328125
0 0.5171875 0.971875 0.01953125 0.01875
0 0.3609375 0.3296875 0.02109375 0.02421875
0 0.3640625 0.06796875 0.02265625 0.021875
0 0.3640625 0.00859375 0.021875 0.0171875
0 0.81015625 0.98203125 0.02578125 0.02734375
0 0.9546875 0.10859375 0.028125 0.02734375
0 0.3734375 0.99140625 0.01640625 0.01640625
0 0.653125 0.12578125 0.0234375 0.021875
0 0.059375 0.41328125 0.0265625 0.02421875
0 0.95546875 0.721875 0.02578125 0.02734375
0 0.06015625 0.23203125 0.02265625 0.02578125
0 0.65078125 0.02421875 0.01953125 0.02109375
0 0.815625 0.55 0.02734375 0.02265625
0 0.50703125 0.071875 0.01875 0.021875
0 0.365625 0.60859375 0.02734375 0.02109375
0 0.07265625 0.909375 0.02890625 0.034375
0 0.51796875 0.7328125 0.02421875 0.028125
0 0.22265625 0.928125 0.02265625 0.0234375
0 0.959375 0.91640625 0.021875 0.02265625
0 0.515625 0.8546875 0.01953125 0.02109375
0 0.8140625 0.6625 0.02734375 0.02734375
0 0.8109375 0.63046875 0.02890625 0.02109375
0 0.059375 0.55546875 0.01796875 0.02109375
0 0.94921875 0.06015625 0.028125 0.034375
0 0.8109375 0.00703125 0.02890625 0.0140625
0 0.375 0.9046875 0.01640625 0.01875
0 0.2203125 0.09453125 0.01953125 0.02265625
0 0.51640625 0.81328125 0.02578125 0.02421875
0 0.665625 0.759375 0.025 0.02578125
0 0.365625 0.44453125 0.02265625 0.0234375
0 0.81875 0.88671875 0.02734375 0.01953125
0 0.815625 0.73359375 0.02578125 0.03125
0 0.06875 0.60234375 0.02109375 0.02421875
0 0.0546875 0.4671875 0.0203125 0.01875
0 0.95234375 0.46328125 0.025 0.025
0 0.21015625 0.6984375 0.01796875 0.01953125
0 0.06484375 0.64375 0.02109375 0.02109375
0 0.8015625 0.20078125 0.03671875 0.03984375
0 0.496875 0.55234375 0.0171875 0.0203125
0 0.23828125 0.73671875 0.02109375 0.0203125
0 0.65078125 0.6640625 0.0265625 0.02265625
0 0.3546875 0.22578125 0.02578125 0.0234375
0 0.075 0.95078125 0.0171875 0.0171875
0 0.6546875 0.3953125 0.02109375 0.01875
0 0.22421875 0.6609375 0.01953125 0.02109375
0 0.0625 0.2984375 0.0234375 0.021875
0 0.35859375 0.64765625 0.02421875 0.02421875
0 0.21796875 0.02890625 0.02265625 0.02890625
0 0.5140625 0.9296875 0.02109375 0.01875
0 0.9625 0.546875 0.0265625 0.021875
0 0.0671875 0.67734375 0.02109375 0.01640625
0 0.6609375 0.8703125 0.02578125 0.0265625
0 0.3671875 0.70859375 0.02109375 0.03359375
0 0.35703125 0.41484375 0.0203125 0.0171875
0 0.51015625 0.109375 0.01953125 0.021875
0 0.65234375 0.33671875 0.015625 0.01796875
0 0.6578125 0.2171875 0.0265625 0.02578125
0 0.05078125 0.43671875 0.01484375 0.01796875
0 0.81015625 0.57734375 0.0265625 0.01796875
0 0.80234375 0.03359375 0.03359375 0.0296875
0 0.6546875 0.37109375 0.01796875 0.01640625
0 0.65859375 0.528125 0.0234375 0.02109375
0 0.5078125 0.19140625 0.0203125 0.0234375
0 0.21875 0.578125 0.01875 0.0171875
0 0.5078125 0.99140625 0.0203125 0.015625
0 0.65703125 0.56796875 0.02734375 0.02109375
0 0.51875 0.3578125 0.025 0.03359375
0 0.06171875 0.18515625 0.0203125 0.02109375
0 0.66015625 0.1578125 0.025 0.021875
0 0.95625 0.2640625 0.02890625 0.0234375
0 0.66484375 0.9828125 0.02421875 0.01875
0 0.35546875 0.38203125 0.02421875 0.0171875
0 0.6578125 0.48046875 0.02265625 0.0234375
0 0.065625 0.5171875 0.02109375 0.021875
0 0.5171875 0.515625 0.03125 0.021875
0 0.9546875 0.7453125 0.0234375 0.0203125
0 0.5140625 0.6828125 0.01875 0.015625
0 0.2203125 0.596875 0.01953125 0.0203125
0 0.81015625 0.36484375 0.03125 0.01796875
0 0.2109375 0.1859375 0.01875 0.0234375
0 0.07109375 0.98515625 0.0203125 0.021875
0 0.50703125 0.44609375 0.01796875 0.01640625
0 0.66171875 0.61640625 0.0234375 0.02109375
0 0.20859375 0.3640625 0.015625 0.0171875
0 0.95 0.81875 0.040625 0.02578125
0 0.509375 0.2234375 0.01953125 0.01875
0 0.66015625 0.2796875 0.01640625 0.01796875
0 0.5125 0.0234375 0.01875 0.01953125
0 0.21640625 0.54921875 0.0234375 0.0171875
0 0.65625 0.54765625 0.0265625 0.01875
0 0.50703125 0.15859375 0.01640625 0.015625
0 0.51171875 0.4015625 0.01640625 0.0171875
0 0.66328125 0.8140625 0.0296875 0.02890625
0 0.6640625 0.84921875 0.0265625 0.0203125
0 0.5171875 0.26953125 0.01875 0.025
0 0.5203125 0.8875 0.015625 0.0171875
0 0.209375 0.21640625 0.015625 0.01640625
0 0.51328125 0.378125 0.01796875 0.0140625
0 0.81015625 0.59921875 0.02265625 0.0171875
0 0.95078125 0.30078125 0.0203125 0.02265625
0 0.509375 0.62109375 0.0171875 0.015625
0 0.21796875 0.3140625 0.01640625 0.01640625
0 0.06484375 0.73984375 0.015625 0.02265625
0 0.07109375 0.71796875 0.01953125 0.01796875
0 0.5203125 0.5875 0.01953125 0.01796875
0 0.05625 0.1140625 0.0234375 0.02109375
0 0.0734375 0.44140625 0.02265625 0.01796875
0 0.36328125 0.7984375 0.01953125 0.01875
0 0.9546875 0.00625 0.02578125 0.01171875
0 0.2125 0.27265625 0.025 0.0203125
0 0.371875 0.571875 0.02109375 0.01953125