0 0.95 0.86875 0.02734375 0.0328125
0 0.94609375 0.74140625 0.03046875 0.03671875
0 0.95078125 0.81953125 0.02890625 0.03046875
0 0.35234375 0.4171875 0.02421875 0.02421875
0 0.34140625 0.040625 0.0234375 0.0234375
0 0.05 0.3796875 0.02109375 0.01875
0 0.34296875 0.00859375 0.0203125 0.0171875
0 0.9546875 0.9890625 0.02421875 0.021875
0 0.95390625 0.68046875 0.02890625 0.03046875
0 0.3484375 0.48984375 0.021875 0.025
0 0.93203125 0.12734375 0.0234375 0.02421875
0 0.0546875 0.40546875 0.01953125 0.01953125
0 0.64296875 0.296875 0.02734375 0.03046875
0 0.93984375 0.36640625 0.025 0.03125
0 0.6421875 0.259375 0.021875 0.01640625
0 0.940625 0.2765625 0.021875 0.02265625
0 0.35 0.5546875 0.0234375 0.02421875
0 0.053125 0.27265625 0.01875 0.0171875
0 0.22109375 0.821875 0.02109375 0.025
0 0.79765625 0.4484375 0.0265625 0.02890625
0 0.065625 0.7109375 0.02421875 0.02421875
0 0.05625 0.51953125 0.02109375 0.0265625
0 0.35625 0.83359375 0.021875 0.0234375
0 0.81328125 0.97109375 0.028125 0.0234375
0 0.2109375 0.428125 0.0203125 0.01953125
0 0.80859375 0.86953125 0.01953125 0.01875
0 0.66328125 0.95703125 0.02109375 0.0171875
0 0.79765625 0.0609375 0.02421875 0.02265625
0 0.95 0.62890625 0.021875 0.02421875
0 0.21328125 0.50859375 0.02265625 0.02421875
0 0.5046875 0.4921875 0.0203125 0.01875
0 0.80546875 0.54296875 0.02265625 0.021875
0 0.93671875 0.16015625 0.0234375 0.02109375
0 0.0625 0.78984375 0.02109375 0.021875
0 0.65078125 0.6359375 0.02265625 0.03125
0 0.20703125 0.13984375 0.01796875 0.01640625
0 0.9671875 0.92890625 0.02734375 0.02578125
0 0.05859375 0.9734375 0.015625 0.01640625
0 0.053125 0.44765625 0.0234375 0.0234375
0 0.8109375 0.92578125 0.021875 0.0203125
0 0.3515625 0.77578125 0.02421875 0.02109375
0 0.65703125 0.7 0.0203125 0.02421875
0 0.03125 0.00703125 0.0203125 0.0140625
0 0.653125 0.446875 0.021875 0.02109375
0 0.2078125 0.34609375 0.02421875 0.01796875
0 0.9375 0.42890625 0.02109375 0.0171875
0 0.51328125 0.88515625 0.02109375 0.021875
0 0.353125 0.0625 0.021875 0.0171875
0 0.65078125 0.48359375 0.01953125 0.0234375
0 0.21953125 0.91484375 0.02109375 0.02109375
0 0.0375 0.08984375 0.02578125 0.025
0 0.05859375 0.57421875 0.0203125 0.0203125
0 0.2140625 0.546875 0.025 0.03046875
0 0.03359375 0.03203125 0.02421875 0.0265625
0 0.50390625 0.5765625 0.02578125 0.0265625
0 0.64765625 0.19140625 0.01953125 0.025
0 0.47578125 0.1640625 0.0265625 0.02109375
0 0.22109375 0.64765625 0.01640625 0.01328125
0 0.5125 0.721875 0.0203125 0.01875
0 0.93828125 0.22265625 0.0296875 0.0328125
0 0.20546875 0.32109375 0.021875 0.02421875
0 0.515625 0.51796875 0.021875 0.01953125
0 0.51640625 0.6859375 0.01875 0.0203125
0 0.05234375 0.478125 0.01875 0.01875
0 0.34609375 0.25546875 0.025 0.01796875
0 0.5109375 0.8171875 0.021875 0.0203125
0 0.365625 0.96015625 0.025 0.03125
0 0.05859375 0.6046875 0.0203125 0.0171875
0 0.64609375 0.13984375 0.01953125 0.01875
0 0.9421875 0.46171875 0.02109375 0.025
0 0.49609375 0.0984375 0.02265625 0.02109375
0 0.05234375 0.828125 0.02109375 0.01796875
0 0.3484375 0.32734375 0.0203125 0.0140625
0 0.2109375 0.39140625 0.0171875 0.01796875
0 0.503125 0.62109375 0.0203125 0.01796875
0 0.6546875 0.746875 0.02421875 0.01953125
0 0.94765625 0.02890625 0.0234375 0.0203125
0 0.2078125 0.4609375 0.02109375 0.01953125
0 0.21640625 0.70625 0.03203125 0.0203125
0 0.0375 0.15625 0.02890625 0.0171875
0 0.35 0.22578125 0.0203125 0.01875
0 0.209375 0.76875 0.02109375 0.0203125
0 0.21171875 0.5828125 0.01953125 0.0203125
0 0.3578125 0.58203125 0.0171875 0.01875
0 0.81171875 0.66953125 0.02265625 0.021875
0 0.20625 0.06640625 0.0234375 0.0203125
0 0.06328125 0.9421875 0.0171875 0.0203125
0 0.35703125 0.6078125 0.01640625 0.0171875
0 0.053125 0.6578125 0.021875 0.0203125
0 0.51328125 0.9796875 0.02265625 0.0140625
0 0.203125 0.296875 0.0203125 0.01953125
0 0.50078125 0.43828125 0.02109375 0.01953125
0 0.5015625 0.6046875 0.0203125 0.01640625
0 0.803125 0.5703125 0.0234375 0.021875
0 0.34140625 0.19609375 0.0234375 0.02109375
0 0.6625 0.9203125 0.0203125 0.02109375
0 0.80859375 0.60078125 0.025 0.02578125
0 0.49921875 0.4640625 0.01796875 0.01484375
0 0.21796875 0.671875 0.01640625 0.01640625
0 0.66015625 0.90546875 0.01875 0.0171875
0 0.65625 0.7890625 0.0203125 0.0203125
0 0.5171875 0.76640625 0.01484375 0.01484375
0 0.2046875 0.08359375 0.02109375 0.01796875
0 0.52265625 0.909375 0.01953125 0.0171875
0 0.81953125 0.9953125 0.01796875 0.00859375
0 0.66328125 0.8453125 0.01640625 0.01796875
0 0.35 0.6546875 0.0203125 0.01484375
0 0.66328125 0.8734375 0.0203125 0.01484375
0 0.2234375 0.7265625 0.0203125 0.015625
0 0.509375 0.8375 0.01640625 0.0140625
0 0.93828125 0.09140625 0.02109375 0.02421875
0 0.484375 0.13671875 0.021875 0.01953125
0 0.5046875 0.4 0.01640625 0.01796875
0 0.19765625 0.22734375 0.03125 0.025
0 0.80546875 0.83515625 0.0203125 0.0203125
0 0.8046875 0.71328125 0.0203125 0.025
0 0.80078125 0.4125 0.0265625 0.02734375
0 0.79609375 0.19296875 0.0203125 0.0234375
0 0.79140625 0.31484375 0.01875 0.0203125
0 0.80234375 0.346875 0.01796875 0.02109375
0 0.64765625 0.01796875 0.01875 0.01953125
0 0.65390625 0.55390625 0.01875 0.02421875