0 0.81875 0.86875 0.02734375 0.02109375
0 0.3578125 0.55625 0.02578125 0.0203125
0 0.21171875 0.271875 0.0328125 0.025
0 0.82109375 0.921875 0.025 0.0203125
0 0.20546875 0.23515625 0.025 0.0234375
0 0.5125 0.44140625 0.01953125 0.02109375
0 0.5203125 0.6515625 0.01953125 0.02109375
0 0.66484375 0.50390625 0.02109375 0.02265625
0 0.51640625 0.21953125 0.01953125 0.0203125
0 0.215625 0.73828125 0.01796875 0.0203125
0 0.659375 0.7953125 0.0234375 0.02109375
0 0.81953125 0.8375 0.0203125 0.0203125
0 0.50625 0.36953125 0.025 0.0203125
0 0.52890625 0.79140625 0.01953125 0.01796875
0 0.80859375 0.09609375 0.02265625 0.025
0 0.22421875 0.82890625 0.01640625 0.01953125
0 0.66015625 0.13125 0.02890625 0.02578125
0 0.2046875 0.1625 0.0265625 0.0265625
0 0.52421875 0.47734375 0.028125 0.0234375
0 0.2203125 0.76875 0.01796875 0.01953125
0 0.81015625 0.12578125 0.01953125 0.0234375
0 0.659375 0.1765625 0.02109375 0.0203125
0 0.659375 0.378125 0.0234375 0.01953125
0 0.0609375 0.7859375 0.0203125 0.02265625
0 0.0578125 0.30390625 0.034375 0.02578125
0 0.3609375 0.30234375 0.025 0.01875
0 0.97109375 0.78125 0.02109375 0.02265625
0 0.9671875 0.12265625 0.02265625 0.025
0 0.81171875 0.265625 0.02109375 0.02265625
0 0.81484375 0.1734375 0.02421875 0.02578125
0 0.80546875 0.52109375 0.0234375 0.01953125
0 0.5203125 0.596875 0.0296875 0.02265625
0 0.36171875 0.45703125 0.0265625 0.02421875
0 0.3578125 0.38671875 0.02265625 0.02265625
0 0.65 0.41640625 0.028125 0.02421875
0 0.05625 0.25859375 0.02421875 0.021875
0 0.6625 0.58046875 0.0203125 0.02421875
0 0.0578125 0.82109375 0.028125 0.0234375
0 0.81328125 0.67265625 0.0234375 0.01953125
0 0.21796875 0.70859375 0.01875 0.02421875
0 0.5125 0.86796875 0.01953125 0.01875
0 0.5203125 0.1125 0.02109375 0.01953125
0 0.81328125 0.478125 0.021875 0.0234375
0 0.6609375 0.53125 0.021875 0.0171875
0 0.82421875 0.88828125 0.0234375 0.0171875
0 0.94375 0.078125 0.015625 0.0171875
0 0.9765625 0.8140625 0.021875 0.0203125
0 0.95 0.00546875 0.01953125 0.0109375
0 0.525 0.9015625 0.02578125 0.0203125
0 0.65859375 0.090625 0.01953125 0.015625
0 0.8046875 0.01484375 0.02734375 0.015625
0 0.221875 0.946875 0.0171875 0.0203125
0 0.66640625 0.76796875 0.0171875 0.01328125
0 0.81171875 0.04453125 0.02734375 0.01953125
0 0.51484375 0.5328125 0.02109375 0.01640625
0 0.2078125 0.0140625 0.01640625 0.01484375
0 0.371875 0.58984375 0.02578125 0.02421875
0 0.2140625 0.41875 0.02265625 0.02265625
0 0.22265625 0.87109375 0.01796875 0.0203125
0 0.6609375 0.46328125 0.01640625 0.0203125
0 0.365625 0.51640625 0.02109375 0.021875
0 0.67109375 0.89765625 0.01953125 0.01796875
0 0.81171875 0.36796875 0.01796875 0.01796875
0 0.37109375 0.84296875 0.01796875 0.02109375
0 0.20703125 0.45078125 0.0328125 0.01875
0 0.06171875 0.5453125 0.01875 0.01796875
0 0.51953125 0.8265625 0.01875 0.0265625
0 0.96953125 0.55390625 0.01640625 0.01953125
0 0.34765625 0.04375 0.0203125 0.01953125
0 0.37734375 0.9890625 0.025 0.02109375
0 0.65390625 0.0390625 0.01796875 0.0203125
0 0.95390625 0.16796875 0.03125 0.02421875
0 0.0625 0.1953125 0.02265625 0.0265625
0 0.35390625 0.12421875 0.021875 0.01953125
0 0.81328125 0.31328125 0.0265625 0.01953125
0 0.95625 0.04453125 0.01640625 0.01953125
0 0.0578125 0.0890625 0.02109375 0.02578125
0 0.96171875 0.7140625 0.0234375 0.0171875
0 0.8125 0.61640625 0.0234375 0.01875
0 0.0609375 0.49765625 0.01953125 0.0328125
0 0.66328125 0.69453125 0.025 0.0203125
0 0.6625 0.3015625 0.01875 0.02109375
0 0.65546875 0.275 0.02265625 0.02109375
0 0.2109375 0.08203125 0.01953125 0.0203125
0 0.82265625 0.8109375 0.01875 0.01640625
0 0.65625 0.54765625 0.03203125 0.02265625
0 0.059375 0.021875 0.01796875 0.01953125
0 0.96171875 0.59375 0.021875 0.01640625
0 0.96953125 0.6125 0.0203125 0.01796875
0 0.2125 0.540625 0.01640625 0.0171875
0 0.37109375 0.71640625 0.01796875 0.0203125
0 0.51640625 0.75234375 0.0234375 0.01796875
0 0.36875 0.7671875 0.0171875 0.01875
0 0.959375 0.97421875 0.01640625 0.01796875
0 0.21328125 0.5625 0.01796875 0.02109375
0 0.66484375 0.64453125 0.01875 0.02265625
0 0.509375 0.159375 0.01953125 0.021875
0 0.06484375 0.83984375 0.0234375 0.01796875
0 0.81875 0.69453125 0.01875 0.01484375
0 0.81875 0.63359375 0.0203125 0.01640625
0 0.9796875 0.83828125 0.02109375 0.01640625
0 0.67109375 0.9390625 0.0171875 0.025
0 0.95 0.5203125 0.03203125 0.02109375
0 0.21171875 0.034375 0.0171875 0.0171875
0 0.5109375 0.18046875 0.01640625 0.01484375
0 0.3703125 0.80703125 0.02109375 0.021875
0 0.51640625 0.51015625 0.01796875 0.015625
0 0.05859375 0.0421875 0.015625 0.01640625
0 0.8140625 0.56328125 0.0203125 0.0203125
0 0.05234375 0.8734375 0.0203125 0.01875
0 0.971875 0.88046875 0.0171875 0.01875
0 0.66171875 0.88125 0.0171875 0.0140625
0 0.06171875 0.75859375 0.0203125 0.02109375
0 0.21328125 0.49453125 0.01953125 0.021875
0 0.675 0.9671875 0.01640625 0.015625
0 0.50703125 0.29765625 0.02421875 0.0203125
0 0.51171875 0.72578125 0.02265625 0.01796875
0 0.95625 0.02109375 0.015625 0.0140625
0 0.66484375 0.73984375 0.01875 0.01875
0 0.9609375 0.6453125 0.0234375 0.0140625
0 0.3671875 0.7375 0.0171875 0.0171875
0 0.6625 0.23125 0.0265625 0.02890625
0 0.36484375 0.328125 0.021875 0.015625
0 0.965625 0.1953125 0.0234375 0.021875
0 0.528125 0.08203125 0.01796875 0.0171875
0 0.9703125 0.6296875 0.021875 0.0140625
0 0.2125 0.103125 0.02421875 0.03125
0 0.50859375 0.04140625 0.0171875 0.01484375
0 0.36484375 0.6796875 0.021875 0.025
0 0.8203125 0.790625 0.01640625 0.01171875
0 0.35546875 0.1546875 0.01796875 0.01328125
0 0.2125 0.5125 0.0171875 0.015625
0 0.95703125 0.21796875 0.0234375 0.0140625
0 0.3734375 0.9453125 0.03359375 0.021875
0 0.06875 0.96875 0.02890625 0.02578125
0 0.5296875 0.9765625 0.025 0.02734375
0 0.8234375 0.9796875 0.0203125 0.0234375
0 0.2171875 0.66875 0.02265625 0.01875
0 0.05625 0.3984375 0.0234375 0.021875
0 0.95859375 0.47421875 0.01875 0.02109375
0 0.6609375 0.35234375 0.0203125 0.01796875
0 0.06171875 0.66953125 0.02265625 0.01796875
0 0.059375 0.60859375 0.01953125 0.01484375
0 0.059375 0.5890625 0.0203125 0.01484375
0 0.515625 0.69609375 0.01796875 0.0171875
0 0.06640625 0.91640625 0.01953125 0.025
0 0.809375 0.41875 0.01796875 0.0203125
0 0.21015625 0.6109375 0.0171875 0.02109375
0 0.2203125 0.91171875 0.0171875 0.01953125
0 0.2046875 0.353125 0.01796875 0.0171875