0 0.209375 0.8875 0.02265625 0.02421875
0 0.5140625 0.79296875 0.01875 0.01640625
0 0.2078125 0.93359375 0.02890625 0.0296875
0 0.35703125 0.7328125 0.03203125 0.0265625
0 0.35390625 0.22890625 0.021875 0.02734375
0 0.790625 0.61640625 0.0203125 0.02109375
0 0.64765625 0.6828125 0.0171875 0.01328125
0 0.803125 0.69453125 0.02578125 0.01953125
0 0.934375 0.00703125 0.021875 0.0140625
0 0.34921875 0.06796875 0.021875 0.01875
0 0.5125 0.696875 0.0203125 0.01796875
0 0.35234375 0.265625 0.021875 0.0171875
0 0.19765625 0.15546875 0.028125 0.02578125
0 0.6515625 0.50546875 0.0234375 0.025
0 0.9546875 0.76640625 0.0203125 0.0203125
0 0.3484375 0.35625 0.02109375 0.0203125
0 0.20390625 0.8484375 0.02109375 0.0234375
0 0.35390625 0.69140625 0.02734375 0.021875
0 0.80703125 0.99296875 0.01796875 0.01328125
0 0.35 0.11953125 0.02265625 0.02109375
0 0.19609375 0.34375 0.01875 0.02109375
0 0.95390625 0.65703125 0.03046875 0.02578125
0 0.2078125 0.22421875 0.0203125 0.0203125
0 0.51484375 0.928125 0.0203125 0.0203125
0 0.8125 0.93984375 0.02109375 0.01875
0 0.8015625 0.4765625 0.0234375 0.0234375
0 0.50859375 0.9890625 0.02265625 0.0203125
0 0.79921875 0.30703125 0.02578125 0.0171875
0 0.9515625 0.57421875 0.02421875 0.02421875
0 0.3609375 0.603125 0.0234375 0.0296875
0 0.20234375 0.77890625 0.02265625 0.02578125
0 0.3578125 0.8078125 0.01640625 0.021875
0 0.07890625 0.3546875 0.021875 0.02265625
0 0.65625 0.55546875 0.0296875 0.02734375
0 0.35078125 0.01953125 0.0171875 0.015625
0 0.80546875 0.7734375 0.0328125 0.02890625
0 0.5171875 0.73046875 0.0171875 0.0171875
0 0.79921875 0.284375 0.02890625 0.0234375
0 0.5 0.146875 0.021875 0.025
0 0.359375 0.83984375 0.01875 0.0203125
0 0.08046875 0.9921875 0.021875 0.015625
0 0.79140625 0.41484375 0.01875 0.01953125
0 0.6453125 0.36015625 0.0203125 0.01875
0 0.3640625 0.87578125 0.03125 0.0328125
0 0.071875 0.225 0.025 0.02890625
0 0.07734375 0.396875 0.021875 0.02109375
0 0.06484375 0.48203125 0.02421875 0.01875
0 0.51484375 0.86015625 0.01796875 0.01640625
0 0.19375 0.4171875 0.0171875 0.01953125
0 0.9609375 0.72578125 0.02109375 0.0296875
0 0.0796875 0.80625 0.0203125 0.0296875
0 0.9375 0.15 0.0171875 0.01875
0 0.95390625 0.82265625 0.03125 0.0296875
0 0.36640625 0.92578125 0.02109375 0.028125
0 0.07578125 0.740625 0.01953125 0.02109375
0 0.5 0.20234375 0.02265625 0.02109375
0 0.35234375 0.29921875 0.02265625 0.021875
0 0.36328125 0.9703125 0.02109375 0.02265625
0 0.95234375 0.54453125 0.025 0.03125
0 0.95078125 0.69140625 0.01953125 0.021875
0 0.796875 0.5140625 0.02109375 0.02265625
0 0.5125 0.56875 0.01953125 0.021875
0 0.078125 0.71484375 0.0203125 0.0171875
0 0.36953125 0.99375 0.021875 0.0125
0 0.36171875 0.64921875 0.01875 0.0203125
0 0.20546875 0.67421875 0.02265625 0.01875
0 0.35 0.1484375 0.02109375 0.0203125
0 0.359375 0.54765625 0.02109375 0.01875
0 0.07109375 0.17578125 0.0171875 0.01875
0 0.078125 0.42421875 0.02265625 0.01875
0 0.9546875 0.5984375 0.02109375 0.02265625
0 0.06875 0.2546875 0.02109375 0.01796875
0 0.96015625 0.890625 0.03203125 0.02734375
0 0.5078125 0.171875 0.02109375 0.01953125
0 0.784375 0.23203125 0.0171875 0.01875
0 0.8078125 0.821875 0.03203125 0.0234375
0 0.803125 0.86875 0.021875 0.0203125
0 0.50625 0.31484375 0.01953125 0.01875
0 0.80859375 0.66328125 0.02265625 0.01953125
0 0.19609375 0.584375 0.034375 0.0203125
0 0.5125 0.465625 0.01953125 0.02109375
0 0.94921875 0.3953125 0.01796875 0.01875
0 0.07421875 0.6484375 0.02109375 0.01796875
0 0.1953125 0.0953125 0.01484375 0.01484375
0 0.35390625 0.40078125 0.02109375 0.01875
0 0.084375 0.9234375 0.0171875 0.01875
0 0.503125 0.05546875 0.028125 0.028125
0 0.8046875 0.58984375 0.0203125 0.0203125
0 0.0765625 0.6984375 0.0203125 0.01953125
0 0.63515625 0.28828125 0.01796875 0.015625
0 0.80078125 0.84296875 0.0234375 0.01484375
0 0.65546875 0.75078125 0.021875 0.01796875
0 0.653125 0.7265625 0.01875 0.015625
0 0.07578125 0.509375 0.021875 0.0171875
0 0.3515625 0.7703125 0.021875 0.01640625
0 0.50078125 0.11328125 0.01953125 0.0203125
0 0.35078125 0.57265625 0.0203125 0.02109375
0 0.79609375 0.56171875 0.01640625 0.01796875
0 0.07421875 0.303125 0.0171875 0.02265625
0 0.50078125 0.2890625 0.0203125 0.02109375
0 0.95078125 0.46171875 0.01875 0.0171875
0 0.08359375 0.8828125 0.0140625 0.01328125
0 0.190625 0.29609375 0.0171875 0.0203125
0 0.7765625 0.21015625 0.01953125 0.01640625
0 0.49609375 0.2265625 0.01953125 0.01640625
0 0.5203125 0.64453125 0.01640625 0.0171875
0 0.20703125 0.69921875 0.0203125 0.0203125
0 0.7703125 0.15703125 0.02421875 0.0265625
0 0.0890625 0.85 0.0234375 0.02421875
0 0.625 0.1671875 0.01953125 0.0171875
0 0.18515625 0.44453125 0.01875 0.01640625
0 0.6375 0.3359375 0.015625 0.01640625
0 0.66015625 0.9828125 0.025 0.02109375
0 0.06171875 0.60859375 0.01484375 0.0171875
0 0.77265625 0.12421875 0.01953125 0.0171875
0 0.1984375 0.246875 0.02109375 0.015625
0 0.64296875 0.66015625 0.01875 0.01328125
0 0.35 0.5140625 0.01484375 0.01796875
0 0.64609375 0.4625 0.01953125 0.01796875
0 0.65859375 0.9 0.01796875 0.0203125
0 0.7921875 0.44921875 0.01484375 0.0234375
0 0.075 0.55703125 0.0234375 0.01875
0 0.19375 0.56171875 0.0234375 0.02578125
0 0.18828125 0.53515625 0.02421875 0.01953125
0 0.80390625 0.74609375 0.021875 0.02578125
0 0.6671875 0.96171875 0.02265625 0.01484375
0 0.790625 0.1390625 0.01796875 0.01875
0 0.35234375 0.4703125 0.02109375 0.0265625
0 0.19296875 0.06328125 0.01796875 0.0203125