0 0.28671875 0.8390625 0.03125 0.03203125
0 0.884375 0.26953125 0.0359375 0.021875
0 0.88515625 0.4046875 0.028125 0.015625
0 0.28125 0.79921875 0.028125 0.03203125
0 0.2859375 0.98671875 0.0265625 0.025
0 0.43046875 0.93984375 0.02265625 0.0234375
0 0.73046875 0.9046875 0.01953125 0.02265625
0 0.87578125 0.5234375 0.02109375 0.0265625
0 0.88046875 0.0078125 0.0203125 0.015625
0 0.88203125 0.42734375 0.0265625 0.0203125
0 0.8765625 0.203125 0.01796875 0.01953125
0 0.13359375 0.32578125 0.02265625 0.021875
0 0.5734375 0.54296875 0.01953125 0.01796875
0 0.88203125 0.8109375 0.01640625 0.0203125
0 0.578125 0.94296875 0.0171875 0.02109375
0 0.88046875 0.4546875 0.02109375 0.0171875
0 0.58125 0.8921875 0.01484375 0.01796875
0 0.88359375 0.375 0.01953125 0.01953125
0 0.28984375 0.95 0.02109375 0.01953125
0 0.88046875 0.48828125 0.0265625 0.01953125
0 0.43828125 0.88046875 0.01875 0.0171875
0 0.5828125 0.98125 0.01796875 0.01796875
0 0.13359375 0.6984375 0.01796875 0.0203125
0 0.275 0.021875 0.02265625 0.0265625
0 0.57578125 0.3015625 0.01484375 0.0140625
0 0.42890625 0.49296875 0.0203125 0.021875
0 0.58046875 0.33125 0.0171875 0.015625
0 0.43125 0.253125 0.01875 0.01875
0 0.88828125 0.72578125 0.01953125 0.021875
0 0.13203125 0.03125 0.02109375 0.01875
0 0.88203125 0.67265625 0.01640625 0.01875
0 0.275 0.74609375 0.01953125 0.0171875
0 0.88359375 0.31015625 0.021875 0.021875
0 0.88515625 0.240625 0.01953125 0.015625
0 0.4390625 0.9734375 0.02421875 0.0203125
0 0.56953125 0.615625 0.0203125 0.01640625
0 0.5765625 0.0390625 0.025 0.0234375
0 0.134375 0.565625 0.0203125 0.01875
0 0.28515625 0.91796875 0.02109375 0.01953125
0 0.12734375 0.79921875 0.03203125 0.02734375
0 0.2765625 0.6046875 0.0265625 0.0203125
0 0.88125 0.0796875 0.01875 0.0171875
0 0.28359375 0.89375 0.01953125 0.015625
0 0.28125 0.1328125 0.01953125 0.02109375
0 0.88125 0.859375 0.02109375 0.02890625
0 0.57734375 0.22109375 0.01875 0.025
0 0.734375 0.421875 0.0171875 0.01875
0 0.57421875 0.34921875 0.0203125 0.01640625
0 0.73046875 0.96015625 0.01953125 0.0203125
0 0.1359375 0.40078125 0.01953125 0.0171875
0 0.278125 0.20625 0.01640625 0.01953125
0 0.2859375 0.503125 0.0171875 0.01875
0 0.56875 0.0640625 0.02265625 0.01796875
0 0.88203125 0.02421875 0.0171875 0.015625
0 0.28671875 0.41953125 0.0203125 0.02109375
0 0.1421875 0.43203125 0.02109375 0.01640625
0 0.88671875 0.76953125 0.01953125 0.01953125
0 0.28359375 0.5328125 0.01875 0.0171875
0 0.28359375 0.096875 0.02421875 0.0265625
0 0.42578125 0.13125 0.0203125 0.01953125
0 0.4296875 0.00859375 0.01953125 0.01640625
0 0.7234375 0.44765625 0.02109375 0.01953125
0 0.57734375 0.79921875 0.0203125 0.03203125
0 0.275 0.4640625 0.01953125 0.01796875
0 0.43671875 0.77890625 0.0203125 0.01640625
0 0.28125 0.2984375 0.015625 0.01796875
0 0.72109375 0.3921875 0.01875 0.01875
0 0.4296875 0.38671875 0.0234375 0.03046875
0 0.2875 0.65546875 0.0203125 0.021875
0 0.57265625 0.859375 0.01796875 0.01796875
0 0.428125 0.19140625 0.01953125 0.01953125
0 0.27890625 0.34140625 0.01875 0.01796875
0 0.8875 0.69921875 0.015625 0.015625
0 0.73359375 0.65859375 0.01796875 0.01953125
0 0.1296875 0.52734375 0.0171875 0.01796875
0 0.2875 0.5640625 0.0171875 0.0171875
0 0.284375 0.375 0.015625 0.01640625
0 0.575 0.4921875 0.0171875 0.01640625
0 0.8859375 0.11640625 0.025 0.01796875
0 0.728125 0.28515625 0.03125 0.025
0 0.2796875 0.25234375 0.03046875 0.0171875
0 0.428125 0.0890625 0.01796875 0.01875
0 0.13359375 0.94609375 0.01640625 0.01875
0 0.13515625 0.87421875 0.02265625 0.0265625
0 0.4265625 0.4515625 0.01875 0.01484375
0 0.13828125 0.64296875 0.0234375 0.02265625
0 0.13515625 0.7390625 0.0171875 0.015625
0 0.13125 0.253125 0.01875 0.01875
0 0.134375 0.4875 0.01875 0.01953125
0 0.58359375 0.6453125 0.01796875 0.0171875
0 0.87421875 0.3453125 0.01875 0.01484375
0 0.88359375 0.9328125 0.01640625 0.0171875
0 0.43359375 0.75859375 0.01875 0.0171875
0 0.2828125 0.26875 0.0203125 0.01484375
0 0.575 0.13203125 0.025 0.021875
0 0.1234375 0.08515625 0.02265625 0.0421875
0 0.434375 0.409375 0.01640625 0.0140625
0 0.56796875 0.4203125 0.01796875 0.0140625
0 0.58046875 0.26484375 0.0171875 0.0203125
0 0.571875 0.68359375 0.02421875 0.02109375
0 0.88046875 0.55859375 0.01875 0.01796875
0 0.15 0.92265625 0.0234375 0.01796875
0 0.4390625 0.55625 0.0203125 0.0140625
0 0.7171875 0.37578125 0.0171875 0.01953125
0 0.12890625 0.9890625 0.0234375 0.0203125
0 0.88359375 0.89921875 0.01484375 0.01484375
0 0.884375 0.9703125 0.015625 0.01484375
0 0.728125 0.2234375 0.01796875 0.015625
0 0.725 0.0046875 0.028125 0.009375
0 0.4421875 0.66484375 0.021875 0.02109375
0 0.72734375 0.7390625 0.01953125 0.02890625
0 0.7234375 0.509375 0.02265625 0.02109375
0 0.71640625 0.0640625 0.01640625 0.01484375
0 0.725 0.10390625 0.01484375 0.01953125
0 0.7296875 0.16640625 0.021875 0.0203125