0 0.51875 0.3828125 0.0234375 0.0203125
0 0.82734375 0.63828125 0.02421875 0.0296875
0 0.82109375 0.41796875 0.028125 0.028125
0 0.5390625 0.8875 0.025 0.0265625
0 0.678125 0.93984375 0.03046875 0.02890625
0 0.64921875 0.24921875 0.02578125 0.02734375
0 0.6625 0.2203125 0.02734375 0.02421875
0 0.0625 0.80859375 0.03359375 0.03125
0 0.82578125 0.7234375 0.02890625 0.02421875
0 0.51328125 0.1140625 0.028125 0.03203125
0 0.97265625 0.43984375 0.02109375 0.02265625
0 0.9734375 0.4671875 0.02421875 0.01875
0 0.528125 0.7703125 0.02578125 0.0234375
0 0.5125 0.5109375 0.02109375 0.025
0 0.0671875 0.77265625 0.02265625 0.01875
0 0.3671875 0.77421875 0.02265625 0.02265625
0 0.50546875 0.07578125 0.021875 0.0203125
0 0.04609375 0.01796875 0.02109375 0.02265625
0 0.98359375 0.98046875 0.02265625 0.02578125
0 0.21328125 0.3453125 0.02890625 0.0234375
0 0.0515625 0.40625 0.03203125 0.02265625
0 0.671875 0.67890625 0.0265625 0.02890625
0 0.2171875 0.27578125 0.02421875 0.02265625
0 0.81484375 0.16953125 0.0265625 0.02578125
0 0.6671875 0.7140625 0.0296875 0.02734375
0 0.80546875 0.02109375 0.0234375 0.01875
0 0.825 0.67578125 0.025 0.0265625
0 0.06640625 0.91875 0.02421875 0.02265625
0 0.53671875 0.98984375 0.02265625 0.01953125
0 0.5328125 0.8390625 0.02890625 0.0390625
0 0.8078125 0.44375 0.03125 0.01796875
0 0.05703125 0.3765625 0.0234375 0.021875
0 0.8125 0.28671875 0.02421875 0.02109375
0 0.371875 0.5203125 0.0203125 0.0171875
0 0.82421875 0.5796875 0.02421875 0.02421875
0 0.82109375 0.49609375 0.02734375 0.0390625
0 0.66953125 0.8953125 0.021875 0.02578125
0 0.82265625 0.3703125 0.02265625 0.02578125
0 0.0671875 0.88671875 0.02421875 0.02578125
0 0.82890625 0.55 0.0234375 0.0234375
0 0.96875 0.50546875 0.02734375 0.0203125
0 0.040625 0.0703125 0.0234375 0.02421875
0 0.809375 0.053125 0.0328125 0.02578125
0 0.97734375 0.671875 0.0203125 0.01953125
0 0.378125 0.97890625 0.0234375 0.025
0 0.365625 0.3734375 0.025 0.03203125
0 0.521875 0.4046875 0.021875 0.015625
0 0.36875 0.490625 0.021875 0.0234375
0 0.23125 0.871875 0.0296875 0.034375
0 0.82890625 0.9203125 0.0203125 0.02109375
0 0.6734375 0.76640625 0.0265625 0.02578125
0 0.52109375 0.446875 0.0234375 0.03125
0 0.371875 0.21796875 0.02265625 0.01953125
0 0.66953125 0.50703125 0.0203125 0.02265625
0 0.96796875 0.40703125 0.021875 0.02578125
0 0.071875 0.94921875 0.025 0.0265625
0 0.05078125 0.1546875 0.040625 0.0453125
0 0.378125 0.94765625 0.02265625 0.02109375
0 0.2046875 0.14375 0.02421875 0.02890625
0 0.20859375 0.01875 0.0296875 0.0375
0 0.53046875 0.640625 0.02265625 0.02890625
0 0.66875 0.6359375 0.01953125 0.02265625
0 0.3828125 0.90078125 0.021875 0.02890625
0 0.365625 0.17265625 0.02421875 0.02109375
0 0.37578125 0.84921875 0.02421875 0.021875
0 0.96796875 0.0578125 0.01875 0.015625
0 0.21875 0.6109375 0.025 0.0359375
0 0.828125 0.78515625 0.021875 0.0203125
0 0.23203125 0.9671875 0.0296875 0.02265625
0 0.8375 0.96015625 0.021875 0.0234375
0 0.36640625 0.24921875 0.03046875 0.03359375
0 0.3671875 0.5609375 0.02265625 0.025
0 0.81953125 0.234375 0.02421875 0.02265625
0 0.52265625 0.34609375 0.01953125 0.02109375
0 0.6703125 0.590625 0.02265625 0.0328125
0 0.23359375 0.93125 0.025 0.02109375
0 0.52265625 0.265625 0.02265625 0.02265625
0 0.365625 0.2828125 0.02109375 0.0203125
0 0.975 0.8375 0.02421875 0.02109375
0 0.82265625 0.26328125 0.021875 0.02109375
0 0.21484375 0.25234375 0.02265625 0.0203125
0 0.97578125 0.60703125 0.01953125 0.01875
0 0.05859375 0.56796875 0.0265625 0.03203125
0 0.37734375 0.809375 0.0234375 0.02421875
0 0.21640625 0.225 0.0203125 0.01875
0 0.97421875 0.6453125 0.01875 0.01484375
0 0.065625 0.73671875 0.0265625 0.0296875
0 0.21328125 0.08125 0.02265625 0.02265625
0 0.35 0.1453125 0.01953125 0.02109375
0 0.96640625 0.90234375 0.03046875 0.03671875
0 0.51171875 0.0546875 0.01953125 0.0203125
0 0.05390625 0.4375 0.01875 0.01875
0 0.5078125 0.2046875 0.01796875 0.01796875
0 0.22890625 0.98984375 0.0234375 0.0203125
0 0.95625 0.0234375 0.03203125 0.0203125
0 0.36875 0.59140625 0.02109375 0.02109375
0 0.52109375 0.57421875 0.02265625 0.02734375
0 0.95625 0.00859375 0.028125 0.0171875
0 0.81328125 0.08046875 0.021875 0.01875
0 0.81953125 0.12890625 0.028125 0.021875
0 0.96640625 0.09453125 0.021875 0.0171875
0 0.35546875 0.10703125 0.01796875 0.0203125
0 0.215625 0.53828125 0.02109375 0.0203125
0 0.96640625 0.1171875 0.01875 0.01796875
0 0.05078125 0.46796875 0.01875 0.0140625
0 0.95390625 0.30546875 0.02421875 0.0265625
0 0.83046875 0.8359375 0.021875 0.0234375
0 0.95859375 0.2046875 0.0265625 0.025
0 0.22578125 0.6375 0.02421875 0.02734375
0 0.97109375 0.76796875 0.021875 0.02109375
0 0.6640625 0.15546875 0.0203125 0.021875
0 0.08203125 0.99375 0.02421875 0.01171875
0 0.2171875 0.4859375 0.02734375 0.02265625
0 0.95625 0.34375 0.0203125 0.0203125
0 0.35546875 0.0640625 0.015625 0.015625
0 0.06328125 0.4921875 0.021875 0.0203125
0 0.9640625 0.24453125 0.0265625 0.02890625
0 0.96640625 0.18203125 0.02734375 0.03203125
0 0.21796875 0.71640625 0.02265625 0.0203125
0 0.21796875 0.68046875 0.03046875 0.03203125
0 0.375 0.7171875 0.02265625 0.01796875
0 0.9734375 0.55390625 0.021875 0.02421875
0 0.21484375 0.1953125 0.01796875 0.01953125
0 0.83046875 0.81484375 0.021875 0.01953125
0 0.6703125 0.8078125 0.01953125 0.021875
0 0.65390625 0.05390625 0.0203125 0.01953125
0 0.06015625 0.6515625 0.021875 0.02734375
0 0.059375 0.60390625 0.01875 0.01484375
0 0.05390625 0.23984375 0.0234375 0.02421875
0 0.36796875 0.609375 0.02109375 0.021875
0 0.68046875 0.4046875 0.021875 0.0265625
0 0.66953125 0.3296875 0.0296875 0.0375
0 0.21015625 0.0484375 0.0203125 0.01875
0 0.8296875 0.88828125 0.01953125 0.025
0 0.21953125 0.39609375 0.0203125 0.03046875
0 0.528125 0.61015625 0.0203125 0.02421875
0 0.05625 0.334375 0.02734375 0.021875
0 0.5375 0.928125 0.02890625 0.0203125
0 0.35703125 0.02265625 0.01875 0.03125