0 0.19765625 0.69375 0.03203125 0.03203125
0 0.1984375 0.57265625 0.02890625 0.0328125
0 0.4953125 0.6671875 0.03359375 0.03046875
0 0.03125 0.03359375 0.02734375 0.03359375
0 0.0296875 0.09609375 0.02578125 0.02734375
0 0.3453125 0.59453125 0.03046875 0.03515625
0 0.19765625 0.51796875 0.0296875 0.02890625
0 0.0265625 0.00625 0.02578125 0.01171875
0 0.35078125 0.45078125 0.0234375 0.025
0 0.94140625 0.61484375 0.01875 0.02109375
0 0.0390625 0.178125 0.02890625 0.028125
0 0.02734375 0.13046875 0.028125 0.02578125
0 0.3484375 0.48515625 0.028125 0.02265625
0 0.3453125 0.42265625 0.02421875 0.02734375
0 0.1890625 0.14921875 0.03125 0.03203125
0 0.35234375 0.73515625 0.0265625 0.028125
0 0.94296875 0.5828125 0.0171875 0.01484375
0 0.33671875 0.146875 0.02734375 0.02734375
0 0.7875 0.3578125 0.02421875 0.02265625
0 0.78203125 0.053125 0.01953125 0.02109375
0 0.35234375 0.703125 0.0234375 0.021875
0 0.33828125 0.3359375 0.0296875 0.02265625
0 0.64375 0.62265625 0.021875 0.0234375
0 0.0265625 0.321875 0.02578125 0.02265625
0 0.64453125 0.6546875 0.02109375 0.02421875
0 0.79296875 0.575 0.01953125 0.02109375
0 0.64453125 0.553125 0.01953125 0.0234375
0 0.0375 0.44296875 0.034375 0.0375
0 0.0390625 0.7484375 0.03203125 0.02578125
0 0.203125 0.7703125 0.034375 0.03359375
0 0.4890625 0.43203125 0.02109375 0.02265625
0 0.03984375 0.39609375 0.02421875 0.025
0 0.64140625 0.25625 0.021875 0.02421875
0 0.79140625 0.53828125 0.0265625 0.0203125
0 0.6421875 0.29140625 0.01953125 0.0203125
0 0.18515625 0.3265625 0.03125 0.0359375
0 0.79296875 0.83828125 0.01796875 0.021875
0 0.49140625 0.39609375 0.03203125 0.021875
0 0.20078125 0.859375 0.03671875 0.04296875
0 0.334375 0.18125 0.02421875 0.01953125
0 0.78359375 0.33671875 0.02109375 0.01953125
0 0.17578125 0.07109375 0.021875 0.02421875
0 0.18359375 0.453125 0.0234375 0.028125
0 0.34609375 0.628125 0.0265625 0.028125
0 0.4921875 0.83125 0.01640625 0.0203125
0 0.184375 0.23515625 0.0234375 0.0234375
0 0.7828125 0.16484375 0.02109375 0.01875
0 0.80234375 0.90859375 0.02421875 0.02265625
0 0.80078125 0.87734375 0.0234375 0.01953125
0 0.64140625 0.5875 0.025 0.03359375
0 0.64765625 0.51875 0.01484375 0.01796875
0 0.0484375 0.7765625 0.03125 0.0265625
0 0.3375 0.371875 0.03125 0.03515625
0 0.79609375 0.990625 0.0234375 0.01796875
0 0.20234375 0.91796875 0.0234375 0.02734375
0 0.9421875 0.321875 0.02421875 0.02109375
0 0.20078125 0.809375 0.02890625 0.02890625
0 0.49609375 0.73828125 0.02265625 0.01796875
0 0.04765625 0.6453125 0.021875 0.021875
0 0.95703125 0.97421875 0.02109375 0.01796875
0 0.03671875 0.3546875 0.0265625 0.03125
0 0.48046875 0.1265625 0.02265625 0.021875
0 0.94375 0.396875 0.02265625 0.01953125
0 0.5015625 0.99375 0.01953125 0.01171875
0 0.64375 0.94296875 0.01953125 0.01953125
0 0.02734375 0.2234375 0.025 0.02578125
0 0.33984375 0.20703125 0.03125 0.02578125
0 0.49765625 0.95390625 0.015625 0.01953125
0 0.18671875 0.1796875 0.025 0.0234375
0 0.63984375 0.4890625 0.01953125 0.0171875
0 0.64609375 0.903125 0.01953125 0.01640625
0 0.79140625 0.70078125 0.04140625 0.0265625
0 0.48984375 0.33984375 0.0203125 0.01875
0 0.7875 0.396875 0.02109375 0.0265625
0 0.4859375 0.625 0.0203125 0.0171875
0 0.80234375 0.96875 0.02421875 0.01796875
0 0.47265625 0.190625 0.01953125 0.02109375
0 0.784375 0.12265625 0.01953125 0.02265625
0 0.49375 0.703125 0.0203125 0.01875
0 0.6453125 0.6953125 0.01953125 0.02265625
0 0.353125 0.81640625 0.03125 0.02421875
0 0.6296875 0.1203125 0.01640625 0.0203125
0 0.353125 0.846875 0.02421875 0.02734375
0 0.0546875 0.89296875 0.02421875 0.02421875
0 0.05078125 0.80390625 0.02421875 0.021875
0 0.7859375 0.671875 0.02890625 0.02109375
0 0.0453125 0.55390625 0.021875 0.0203125
0 0.05234375 0.95234375 0.02109375 0.02421875
0 0.35 0.78671875 0.02890625 0.02109375
0 0.34140625 0.28984375 0.02109375 0.01796875
0 0.7875 0.278125 0.02734375 0.0203125
0 0.640625 0.22734375 0.02109375 0.01640625
0 0.7796875 0.3015625 0.02109375 0.0171875
0 0.48671875 0.3015625 0.02109375 0.01484375
0 0.49140625 0.50234375 0.02109375 0.01796875
0 0.33125 0.04140625 0.02734375 0.03828125
0 0.19140625 0.9953125 0.02265625 0.009375
0 0.053125 0.9953125 0.0203125 0.009375
0 0.7875 0.0953125 0.01796875 0.0171875
0 0.04609375 0.58515625 0.021875 0.01875
0 0.7875 0.61796875 0.0234375 0.03046875
0 0.1875 0.7203125 0.02265625 0.0171875
0 0.496875 0.784375 0.01875 0.02109375
0 0.93359375 0.04921875 0.0171875 0.0203125
0 0.9484375 0.67421875 0.021875 0.01875
0 0.9515625 0.9390625 0.01953125 0.01953125
0 0.640625 0.2046875 0.02109375 0.01953125
0 0.49765625 0.89453125 0.0171875 0.021875
0 0.47890625 0.09140625 0.01953125 0.01640625
0 0.6265625 0.16953125 0.0171875 0.01796875
0 0.6421875 0.3265625 0.01875 0.0171875
0 0.3453125 0.52265625 0.02265625 0.025
0 0.65390625 0.98046875 0.0171875 0.0171875
0 0.0515625 0.61015625 0.0203125 0.01796875
0 0.9484375 0.84140625 0.01796875 0.02265625
0 0.78046875 0.23046875 0.02109375 0.03671875
0 0.94453125 0.446875 0.01875 0.0203125
0 0.93984375 0.184375 0.02109375 0.03359375
0 0.19609375 0.64765625 0.021875 0.0203125
0 0.62890625 0.075 0.0171875 0.01796875
0 0.48125 0.02421875 0.01640625 0.015625
0 0.0546875 0.9171875 0.01953125 0.015625
0 0.4875 0.37421875 0.02578125 0.01796875
0 0.94609375 0.77734375 0.01328125 0.0140625
0 0.9390625 0.375 0.01640625 0.01796875
0 0.94921875 0.8046875 0.015625 0.0171875
0 0.934375 0.21640625 0.01875 0.01484375
0 0.63984375 0.83984375 0.02109375 0.0140625
0 0.3515625 0.66796875 0.0203125 0.0171875
0 0.94296875 0.53984375 0.01796875 0.0203125
0 0.64609375 0.82265625 0.01875 0.01953125
0 0.93359375 0.02578125 0.0171875 0.0171875
0 0.04921875 0.8359375 0.0234375 0.0203125
0 0.93671875 0.0921875 0.0171875 0.01640625
0 0.48828125 0.478125 0.01953125 0.01640625
0 0.0453125 0.48515625 0.02265625 0.021875
0 0.3359375 0.1109375 0.0203125 0.01953125
0 0.93828125 0.12734375 0.01953125 0.0203125
0 0.6578125 0.878125 0.015625 0.01484375
0 0.9359375 0.509375 0.02109375 0.025
0 0.9484375 0.42265625 0.01953125 0.01640625
0 0.4828125 0.240625 0.015625 0.01640625
0 0.653125 0.7453125 0.01953125 0.01640625
0 0.62734375 0.02578125 0.0171875 0.01640625
0 0.9484375 0.64140625 0.01796875 0.01640625
0 0.77578125 0.00859375 0.01640625 0.015625
0 0.9390625 0.275 0.021875 0.02109375