0 0.371875 0.675 0.02578125 0.0265625
0 0.9671875 0.77734375 0.021875 0.0234375
0 0.51015625 0.7578125 0.03125 0.03203125
0 0.35 0.2359375 0.0265625 0.0296875
0 0.5296875 0.94453125 0.02734375 0.0328125
0 0.35625 0.1015625 0.02421875 0.021875
0 0.6671875 0.6671875 0.02578125 0.0296875
0 0.971875 0.83984375 0.02578125 0.02890625
0 0.51171875 0.3390625 0.02734375 0.03046875
0 0.94921875 0.01015625 0.02734375 0.0203125
0 0.353125 0.45625 0.03359375 0.03125
0 0.66484375 0.8390625 0.02890625 0.0328125
0 0.96875 0.70234375 0.0265625 0.0234375
0 0.053125 0.19296875 0.025 0.0234375
0 0.9609375 0.47578125 0.03046875 0.03515625
0 0.96796875 0.7375 0.02578125 0.02578125
0 0.353125 0.13046875 0.025 0.02890625
0 0.95390625 0.35625 0.02421875 0.028125
0 0.94140625 0.03984375 0.02421875 0.0265625
0 0.97578125 0.6609375 0.025 0.02265625
0 0.9671875 0.62265625 0.02265625 0.0265625
0 0.7890625 0.0703125 0.025 0.021875
0 0.3515625 0.05625 0.02578125 0.02890625
0 0.659375 0.50546875 0.02734375 0.028125
0 0.7953125 0.1515625 0.0265625 0.0265625
0 0.659375 0.553125 0.021875 0.02578125
0 0.9765625 0.92421875 0.02578125 0.03515625
0 0.9453125 0.27265625 0.02734375 0.0234375
0 0.6640625 0.8828125 0.028125 0.028125
0 0.06484375 0.7625 0.02109375 0.021875
0 0.6640625 0.590625 0.02421875 0.02578125
0 0.2109375 0.50546875 0.0171875 0.01640625
0 0.653125 0.025 0.01953125 0.0203125
0 0.64765625 0.1546875 0.028125 0.03515625
0 0.7875 0.0296875 0.0203125 0.01875
0 0.95546875 0.421875 0.0265625 0.02421875
0 0.06015625 0.16796875 0.01875 0.02109375
0 0.6703125 0.70078125 0.02421875 0.0203125
0 0.49140625 0.00625 0.01953125 0.0125
0 0.51796875 0.703125 0.02421875 0.02734375
0 0.8078125 0.765625 0.028125 0.03359375
0 0.81015625 0.63359375 0.0328125 0.02890625
0 0.94296875 0.1296875 0.025 0.0234375
0 0.95078125 0.103125 0.02109375 0.0203125
0 0.64453125 0.2984375 0.0265625 0.02421875
0 0.35703125 0.30859375 0.025 0.0203125
0 0.53046875 0.98203125 0.02265625 0.01875
0 0.228125 0.77109375 0.02265625 0.0265625
0 0.234375 0.98828125 0.01875 0.02109375
0 0.3796875 0.9 0.01875 0.02265625
0 0.67109375 0.93671875 0.02265625 0.02265625
0 0.35 0.421875 0.02109375 0.01953125
0 0.94765625 0.16328125 0.01875 0.01875
0 0.07265625 0.8625 0.01875 0.021875
0 0.51171875 0.828125 0.02890625 0.0328125
0 0.4953125 0.09921875 0.025 0.034375
0 0.05859375 0.21953125 0.02109375 0.0234375
0 0.9734375 0.98046875 0.02421875 0.0265625
0 0.50390625 0.14453125 0.02109375 0.02109375
0 0.8078125 0.70390625 0.025 0.0328125
0 0.78984375 0.11171875 0.0234375 0.02890625
0 0.53046875 0.8796875 0.0296875 0.0296875
0 0.66953125 0.79609375 0.0265625 0.0234375
0 0.65546875 0.06015625 0.021875 0.01796875
0 0.653125 0.20234375 0.03125 0.03515625
0 0.3671875 0.709375 0.02421875 0.02109375
0 0.0546875 0.41484375 0.01953125 0.01640625
0 0.50234375 0.29609375 0.0265625 0.02890625
0 0.1875 0.053125 0.01953125 0.01875
0 0.646875 0.1015625 0.02421875 0.0203125
0 0.38046875 0.8640625 0.01953125 0.01875
0 0.64921875 0.34921875 0.021875 0.02265625
0 0.36875 0.62421875 0.028125 0.021875
0 0.36484375 0.51640625 0.03125 0.04140625
0 0.6625 0.46796875 0.02265625 0.01953125
0 0.2015625 0.1703125 0.021875 0.02265625
0 0.21484375 0.35859375 0.0203125 0.02265625
0 0.503125 0.4109375 0.025 0.028125
0 0.36953125 0.746875 0.0234375 0.025
0 0.19375 0.09296875 0.0234375 0.0171875
0 0.51875 0.9078125 0.0296875 0.02109375
0 0.6625 0.7453125 0.025 0.03046875
0 0.20625 0.2140625 0.02265625 0.01796875
0 0.81328125 0.8828125 0.03359375 0.03828125
0 0.07421875 0.678125 0.01796875 0.0171875
0 0.21015625 0.23203125 0.01953125 0.0171875
0 0.50859375 0.475 0.02265625 0.02265625
0 0.0703125 0.62890625 0.01796875 0.0171875
0 0.06484375 0.50390625 0.01796875 0.01875
0 0.35546875 0.57578125 0.02421875 0.02265625
0 0.6625 0.44375 0.02265625 0.01875
0 0.35078125 0.28203125 0.02265625 0.01953125
0 0.06953125 0.45390625 0.0140625 0.0140625
0 0.3484375 0.175 0.02109375 0.0203125
0 0.07578125 0.7109375 0.01875 0.01953125
0 0.21875 0.9421875 0.01796875 0.01953125
0 0.7890625 0.24765625 0.028125 0.02734375
0 0.21640625 0.68359375 0.021875 0.02734375
0 0.65859375 0.39140625 0.0328125 0.02734375
0 0.35234375 0.26484375 0.02421875 0.01796875
0 0.22109375 0.53984375 0.01796875 0.01640625
0 0.80390625 0.57734375 0.021875 0.021875
0 0.2140625 0.41796875 0.025 0.03203125
0 0.803125 0.34765625 0.021875 0.02109375
0 0.06640625 0.5578125 0.01953125 0.0234375
0 0.78828125 0.0046875 0.02109375 0.009375
0 0.375 0.80234375 0.02109375 0.0203125
0 0.7953125 0.21328125 0.02578125 0.02109375
0 0.7921875 0.2828125 0.028125 0.01796875
0 0.04921875 0.07265625 0.02109375 0.02109375
0 0.06875 0.7859375 0.0171875 0.0171875
0 0.0625 0.2546875 0.01953125 0.01953125
0 0.35 0.334375 0.0234375 0.01953125
0 0.51171875 0.60703125 0.0203125 0.0140625
0 0.21875 0.584375 0.01328125 0.021875
0 0.23046875 0.6515625 0.01875 0.01796875
0 0.81953125 0.51484375 0.02265625 0.01953125
0 0.38046875 0.95390625 0.025 0.02890625
0 0.36640625 0.60234375 0.02890625 0.01953125
0 0.80546875 0.946875 0.02109375 0.021875
0 0.2125 0.63515625 0.015625 0.0171875
0 0.22578125 0.6140625 0.01953125 0.01875
0 0.796875 0.30625 0.021875 0.01875
0 0.23203125 0.83125 0.0234375 0.0234375
0 0.96015625 0.559375 0.0234375 0.0234375
0 0.50078125 0.1828125 0.0234375 0.021875
0 0.5125 0.58046875 0.0203125 0.01796875
0 0.8 0.38125 0.021875 0.01796875
0 0.50390625 0.55703125 0.02109375 0.01796875
0 0.96640625 0.590625 0.0203125 0.015625
0 0.79765625 0.45859375 0.01796875 0.0140625
0 0.07109375 0.6109375 0.015625 0.01796875
0 0.2015625 0.3265625 0.01796875 0.01953125
0 0.20078125 0.2828125 0.01640625 0.01875
0 0.509375 0.45234375 0.02109375 0.01953125
0 0.8015625 0.4984375 0.02265625 0.0171875