0 0.73046875 0.8328125 0.03359375 0.03203125
0 0.73671875 0.88203125 0.025 0.028125
0 0.72578125 0.4984375 0.02578125 0.02578125
0 0.72734375 0.3015625 0.0296875 0.0265625
0 0.72421875 0.33203125 0.03203125 0.025
0 0.57578125 0.36796875 0.025 0.028125
0 0.43828125 0.559375 0.0296875 0.02578125
0 0.13046875 0.53984375 0.021875 0.025
0 0.13671875 0.928125 0.0265625 0.0296875
0 0.7296875 0.234375 0.02578125 0.0234375
0 0.434375 0.5953125 0.02578125 0.02734375
0 0.71953125 0.09296875 0.0234375 0.021875
0 0.728125 0.465625 0.02109375 0.0203125
0 0.43671875 0.4890625 0.025 0.02421875
0 0.590625 0.8875 0.02421875 0.02109375
0 0.134375 0.5078125 0.0234375 0.02578125
0 0.128125 0.4703125 0.01875 0.021875
0 0.28359375 0.84921875 0.028125 0.02265625
0 0.2671875 0.040625 0.0265625 0.02578125
0 0.12421875 0.18203125 0.02734375 0.03359375
0 0.58359375 0.2734375 0.0234375 0.025
0 0.73203125 0.559375 0.025 0.028125
0 0.72109375 0.03203125 0.0203125 0.01796875
0 0.4453125 0.74609375 0.03203125 0.03671875
0 0.4328125 0.103125 0.025 0.03203125
0 0.27421875 0.08203125 0.02421875 0.02421875
0 0.5765625 0.05625 0.025 0.0265625
0 0.44453125 0.85234375 0.03046875 0.04140625
0 0.284375 0.61015625 0.01953125 0.0234375
0 0.88515625 0.53125 0.0234375 0.021875
0 0.14296875 0.98515625 0.0234375 0.02890625
0 0.43671875 0.5265625 0.025 0.02578125
0 0.4390625 0.453125 0.0234375 0.025
0 0.26796875 0.35 0.0171875 0.01953125
0 0.1234375 0.12890625 0.021875 0.02109375
0 0.4421875 0.62421875 0.025 0.02421875
0 0.28828125 0.77265625 0.0234375 0.02734375
0 0.4265625 0.16640625 0.0203125 0.02265625
0 0.87421875 0.359375 0.01796875 0.0203125
0 0.72421875 0.159375 0.025 0.03359375
0 0.60390625 0.99296875 0.02109375 0.0140625
0 0.5765625 0.12421875 0.02421875 0.0328125
0 0.725 0.19609375 0.02109375 0.021875
0 0.140625 0.88359375 0.021875 0.0234375
0 0.5921875 0.76015625 0.01875 0.01953125
0 0.125 0.09296875 0.021875 0.02421875
0 0.434375 0.8921875 0.02109375 0.01953125
0 0.73125 0.9828125 0.0234375 0.0234375
0 0.72734375 0.27421875 0.02109375 0.025
0 0.88359375 0.38984375 0.02265625 0.021875
0 0.59375 0.83515625 0.0203125 0.02265625
0 0.890625 0.98984375 0.02109375 0.0203125
0 0.5765625 0.51171875 0.021875 0.01953125
0 0.734375 0.75703125 0.01875 0.01953125
0 0.14296875 0.83984375 0.025 0.02265625
0 0.8890625 0.5796875 0.0234375 0.0296875
0 0.43984375 0.684375 0.02421875 0.021875
0 0.11640625 0.284375 0.02265625 0.0234375
0 0.8859375 0.25 0.02109375 0.02265625
0 0.4359375 0.22421875 0.021875 0.02265625
0 0.284375 0.69140625 0.01875 0.01875
0 0.29765625 0.7328125 0.0234375 0.02265625
0 0.4421875 0.41015625 0.0265625 0.02109375
0 0.89453125 0.7578125 0.02578125 0.025
0 0.28359375 0.821875 0.02109375 0.01875
0 0.1421875 0.675 0.028125 0.02734375
0 0.1296875 0.590625 0.02421875 0.02890625
0 0.89375 0.95 0.025 0.02109375
0 0.43515625 0.19453125 0.025 0.01953125
0 0.5890625 0.7328125 0.01953125 0.0171875
0 0.26171875 0.1890625 0.0203125 0.01875
0 0.72109375 0.00625 0.021875 0.0125
0 0.43046875 0.3171875 0.02421875 0.0328125
0 0.1296875 0.64765625 0.02734375 0.0203125
0 0.1265625 0.41640625 0.01953125 0.01953125
0 0.88671875 0.7125 0.02265625 0.025
0 0.4359375 0.3875 0.021875 0.021875
0 0.43984375 0.978125 0.02109375 0.02109375
0 0.1375 0.71015625 0.025 0.025
0 0.7296875 0.36484375 0.02109375 0.01796875
0 0.728125 0.415625 0.0265625 0.0234375
0 0.88828125 0.43046875 0.02265625 0.021875
0 0.275 0.325 0.01875 0.01953125
0 0.58046875 0.446875 0.03515625 0.0296875
0 0.1375 0.21796875 0.02109375 0.0234375
0 0.59140625 0.93203125 0.01796875 0.0203125
0 0.72421875 0.06171875 0.021875 0.0203125
0 0.57890625 0.0046875 0.01796875 0.009375
0 0.88984375 0.65078125 0.02734375 0.02890625
0 0.8890625 0.871875 0.02421875 0.03515625
0 0.8703125 0.034375 0.025 0.025
0 0.290625 0.890625 0.01640625 0.01953125
0 0.58359375 0.478125 0.01875 0.01953125
0 0.1296875 0.315625 0.02421875 0.021875
0 0.29609375 0.4390625 0.02265625 0.02421875
0 0.440625 0.940625 0.02109375 0.01953125
0 0.86953125 0.13203125 0.0203125 0.02265625
0 0.5796875 0.3046875 0.0234375 0.01953125
0 0.7328125 0.934375 0.01953125 0.0234375
0 0.57734375 0.421875 0.02734375 0.0265625
0 0.27890625 0.48359375 0.02421875 0.02734375
0 0.27421875 0.0078125 0.0171875 0.015625
0 0.86328125 0.10390625 0.0265625 0.01796875
0 0.28828125 0.9265625 0.01953125 0.025
0 0.8890625 0.8203125 0.02265625 0.0390625
0 0.13359375 0.81953125 0.034375 0.02109375
0 0.1265625 0.78984375 0.021875 0.01640625
0 0.121875 0.0546875 0.01953125 0.01796875
0 0.4421875 0.65390625 0.01796875 0.01484375
0 0.8859375 0.2265625 0.02265625 0.01640625
0 0.72890625 0.63828125 0.0140625 0.02421875
0 0.1171875 0.0109375 0.01875 0.021875
0 0.8890625 0.90859375 0.0171875 0.02109375
0 0.8796875 0.2921875 0.01796875 0.0203125
0 0.88359375 0.503125 0.01796875 0.025