0 0.95078125 0.821875 0.0375 0.03828125
0 0.50078125 0.29609375 0.03203125 0.03515625
0 0.6375 0.13828125 0.03125 0.03359375
0 0.7890625 0.865625 0.02421875 0.02421875
0 0.65234375 0.83828125 0.02265625 0.02265625
0 0.94453125 0.28125 0.03125 0.03203125
0 0.3359375 0.10625 0.03046875 0.0265625
0 0.4890625 0.03984375 0.02421875 0.02421875
0 0.94765625 0.78046875 0.028125 0.02578125
0 0.0484375 0.72109375 0.0234375 0.0234375
0 0.9515625 0.753125 0.02421875 0.02265625
0 0.6453125 0.36796875 0.03125 0.028125
0 0.93828125 0.1515625 0.02890625 0.02890625
0 0.6390625 0.18359375 0.025 0.0328125
0 0.63828125 0.2265625 0.0265625 0.02578125
0 0.04140625 0.65703125 0.02421875 0.025
0 0.05234375 0.8453125 0.025 0.02578125
0 0.34609375 0.0078125 0.021875 0.01484375
0 0.346875 0.48671875 0.02734375 0.03203125
0 0.77578125 0.465625 0.02421875 0.02421875
0 0.95 0.86484375 0.0265625 0.0296875
0 0.6390625 0.09765625 0.034375 0.02890625
0 0.50234375 0.78203125 0.028125 0.028125
0 0.93984375 0.42578125 0.03125 0.03359375
0 0.9421875 0.51953125 0.02421875 0.02890625
0 0.35078125 0.8921875 0.0203125 0.01953125
0 0.025 0.01484375 0.01953125 0.02109375
0 0.79453125 0.8203125 0.02890625 0.03125
0 0.19375 0.06484375 0.02890625 0.0328125
0 0.48125 0.115625 0.025 0.02734375
0 0.05859375 0.97734375 0.02578125 0.02265625
0 0.50625 0.3359375 0.02578125 0.02890625
0 0.94375 0.72421875 0.03046875 0.025
0 0.04765625 0.5390625 0.01875 0.0203125
0 0.0375 0.46328125 0.02578125 0.02421875
0 0.05625 0.81171875 0.03125 0.021875
0 0.64375 0.42578125 0.0375 0.03515625
0 0.6484375 0.884375 0.03203125 0.03203125
0 0.95078125 0.4796875 0.02578125 0.0265625
0 0.05390625 0.7703125 0.0296875 0.0359375
0 0.93984375 0.07421875 0.02265625 0.02265625
0 0.34375 0.57578125 0.02265625 0.0234375
0 0.34765625 0.7859375 0.02890625 0.034375
0 0.94375 0.61953125 0.03203125 0.0328125
0 0.2046875 0.98984375 0.03125 0.0203125
0 0.9421875 0.021875 0.021875 0.02421875
0 0.78828125 0.75859375 0.021875 0.02578125
0 0.03359375 0.24296875 0.0234375 0.02421875
0 0.9484375 0.5640625 0.03046875 0.03515625
0 0.65703125 0.8078125 0.0234375 0.0296875
0 0.5078125 0.68984375 0.02421875 0.028125
0 0.3515625 0.82578125 0.02421875 0.0265625
0 0.034375 0.07109375 0.025 0.0296875
0 0.94453125 0.66796875 0.0296875 0.025
0 0.93828125 0.203125 0.021875 0.02421875
0 0.95703125 0.9890625 0.0296875 0.021875
0 0.0359375 0.1234375 0.0234375 0.0234375
0 0.6546875 0.46015625 0.02421875 0.01953125
0 0.65390625 0.540625 0.021875 0.02109375
0 0.4953125 0.2140625 0.03515625 0.04296875
0 0.9515625 0.94765625 0.02421875 0.02109375
0 0.6359375 0.3390625 0.02109375 0.0203125
0 0.64765625 0.50078125 0.0296875 0.02109375
0 0.49609375 0.45234375 0.03046875 0.02421875
0 0.18125 0.3578125 0.02421875 0.0265625
0 0.9453125 0.69609375 0.03046875 0.01875
0 0.2046875 0.11171875 0.02890625 0.028125
0 0.35703125 0.928125 0.0203125 0.01875
0 0.1890625 0.446875 0.028125 0.0265625
0 0.18828125 0.9453125 0.0296875 0.03125
0 0.49921875 0.16015625 0.0265625 0.02265625
0 0.19140625 0.00546875 0.02421875 0.01015625
0 0.7921875 0.5765625 0.025 0.03125
0 0.78359375 0.9546875 0.025 0.0234375
0 0.1953125 0.653125 0.02578125 0.0265625
0 0.0515625 0.94609375 0.0203125 0.01875
0 0.18984375 0.03125 0.025 0.02265625
0 0.0375 0.1609375 0.0296875 0.0375
0 0.65703125 0.93203125 0.0203125 0.021875
0 0.5 0.409375 0.02734375 0.025
0 0.65078125 0.65546875 0.02265625 0.02421875
0 0.4890625 0.01015625 0.025 0.0203125
0 0.65078125 0.678125 0.021875 0.01875
0 0.03515625 0.38359375 0.02265625 0.0140625
0 0.64609375 0.58828125 0.03203125 0.02109375
0 0.328125 0.12734375 0.02421875 0.01953125
0 0.9375 0.359375 0.025 0.021875
0 0.78203125 0.00703125 0.02265625 0.01328125
0 0.33828125 0.06015625 0.02265625 0.021875
0 0.1875 0.2359375 0.02421875 0.02265625
0 0.05390625 0.89140625 0.02265625 0.02421875
0 0.64765625 0.7546875 0.01953125 0.01953125
0 0.18984375 0.303125 0.02109375 0.02109375
0 0.7875 0.93125 0.0265625 0.0296875
0 0.03515625 0.35546875 0.02109375 0.02421875
0 0.640625 0.259375 0.02265625 0.01953125
0 0.94140625 0.33359375 0.0296875 0.025
0 0.18984375 0.27578125 0.03203125 0.0296875
0 0.65390625 0.609375 0.02578125 0.02265625
0 0.640625 0.0484375 0.025 0.03046875
0 0.79140625 0.51953125 0.0328125 0.0265625
0 0.18984375 0.734375 0.03125 0.025
0 0.6359375 0.29921875 0.01953125 0.01953125
0 0.1953125 0.184375 0.02109375 0.02265625
0 0.19921875 0.82265625 0.02421875 0.02265625
0 0.778125 0.6828125 0.01953125 0.01796875
0 0.49921875 0.3859375 0.02734375 0.021875
0 0.20859375 0.68671875 0.02734375 0.0234375
0 0.20078125 0.159375 0.0234375 0.02421875
0 0.3375 0.20859375 0.02578125 0.02890625
0 0.65234375 0.7859375 0.02109375 0.01640625
0 0.1984375 0.56875 0.02109375 0.01796875
0 0.50234375 0.8359375 0.01953125 0.02109375
0 0.78984375 0.38046875 0.01953125 0.02265625
0 0.66015625 0.975 0.02109375 0.01953125
0 0.7828125 0.1140625 0.0265625 0.0234375