0 0.50703125 0.509375 0.02421875 0.028125
0 0.353125 0.66015625 0.0265625 0.028125
0 0.8109375 0.49453125 0.0234375 0.021875
0 0.9671875 0.5328125 0.0234375 0.021875
0 0.9625 0.65703125 0.0296875 0.03046875
0 0.503125 0.01953125 0.03125 0.034375
0 0.50703125 0.64296875 0.0234375 0.02734375
0 0.8171875 0.5734375 0.02578125 0.0265625
0 0.5 0.19296875 0.02578125 0.0265625
0 0.50078125 0.22578125 0.0234375 0.02109375
0 0.20390625 0.65 0.0265625 0.03359375
0 0.51015625 0.5453125 0.02109375 0.02265625
0 0.353125 0.62109375 0.0234375 0.02578125
0 0.2 0.60078125 0.02890625 0.0359375
0 0.3625 0.72890625 0.0296875 0.02734375
0 0.5046875 0.47734375 0.021875 0.0234375
0 0.51015625 0.67265625 0.0234375 0.025
0 0.19296875 0.05703125 0.028125 0.03203125
0 0.20234375 0.859375 0.025 0.03203125
0 0.81640625 0.35703125 0.02734375 0.02265625
0 0.19765625 0.14765625 0.025 0.025
0 0.81484375 0.5390625 0.02578125 0.0265625
0 0.49921875 0.06328125 0.02421875 0.02578125
0 0.50390625 0.09609375 0.028125 0.02578125
0 0.3453125 0.021875 0.02421875 0.0234375
0 0.50390625 0.1578125 0.02265625 0.02734375
0 0.5140625 0.80625 0.0265625 0.0265625
0 0.35078125 0.2890625 0.0234375 0.025
0 0.825 0.90546875 0.03125 0.02578125
0 0.1953125 0.3375 0.02421875 0.02578125
0 0.19140625 0.015625 0.0265625 0.02734375
0 0.65546875 0.50625 0.02890625 0.0234375
0 0.04296875 0.0109375 0.0265625 0.02109375
0 0.80859375 0.325 0.02421875 0.028125
0 0.51484375 0.9796875 0.02265625 0.025
0 0.81796875 0.44765625 0.0234375 0.02265625
0 0.2015625 0.903125 0.025 0.028125
0 0.6578125 0.3484375 0.02578125 0.0234375
0 0.03515625 0.3125 0.02265625 0.02578125
0 0.96796875 0.721875 0.02890625 0.02578125
0 0.5 0.253125 0.02421875 0.0234375
0 0.81796875 0.6125 0.0234375 0.028125
0 0.6578125 0.2734375 0.0203125 0.0203125
0 0.66484375 0.77734375 0.0234375 0.02578125
0 0.9703125 0.6953125 0.02890625 0.02421875
0 0.82109375 0.76328125 0.02421875 0.021875
0 0.82109375 0.671875 0.02421875 0.0328125
0 0.35234375 0.8234375 0.028125 0.0328125
0 0.66640625 0.86328125 0.0234375 0.0265625
0 0.9515625 0.225 0.02421875 0.02734375
0 0.51015625 0.8359375 0.02421875 0.02421875
0 0.65703125 0.4765625 0.025 0.02109375
0 0.9609375 0.61484375 0.0296875 0.02421875
0 0.9734375 0.96875 0.0203125 0.025
0 0.50390625 0.6109375 0.028125 0.0234375
0 0.6734375 0.990625 0.02421875 0.01875
0 0.82421875 0.7265625 0.0234375 0.02265625
0 0.953125 0.01171875 0.02578125 0.02109375
0 0.190625 0.109375 0.025 0.03046875
0 0.20390625 0.99140625 0.02578125 0.0171875
0 0.0453125 0.57890625 0.0234375 0.028125
0 0.82578125 0.83515625 0.025 0.0296875
0 0.8078125 0.01953125 0.0203125 0.0203125
0 0.95546875 0.10703125 0.02109375 0.0203125
0 0.03671875 0.084375 0.025 0.0234375
0 0.0453125 0.53828125 0.03046875 0.02734375
0 0.34921875 0.06328125 0.02578125 0.028125
0 0.3546875 0.69921875 0.02734375 0.02734375
0 0.9671875 0.7625 0.02578125 0.0328125
0 0.36015625 0.89921875 0.02578125 0.021875
0 0.35234375 0.86875 0.02578125 0.021875
0 0.9484375 0.04765625 0.02421875 0.0203125
0 0.9546875 0.4984375 0.0234375 0.028125
0 0.35234375 0.39140625 0.02109375 0.01796875
0 0.96796875 0.83515625 0.02421875 0.03203125
0 0.95234375 0.3046875 0.02109375 0.02578125
0 0.20625 0.546875 0.025 0.02578125
0 0.95625 0.2703125 0.0265625 0.0234375
0 0.8140625 0.384375 0.02265625 0.02265625
0 0.19921875 0.4546875 0.0234375 0.021875
0 0.50078125 0.3109375 0.02421875 0.028125
0 0.05078125 0.88046875 0.02578125 0.028125
0 0.353125 0.42578125 0.02734375 0.0203125
0 0.96640625 0.871875 0.01875 0.01796875
0 0.50625 0.5828125 0.0203125 0.02109375
0 0.03828125 0.1203125 0.028125 0.02890625
0 0.04140625 0.04375 0.02109375 0.02109375
0 0.809375 0.103125 0.01953125 0.0296875
0 0.203125 0.396875 0.02890625 0.021875
0 0.19765625 0.93828125 0.02578125 0.02421875
0 0.6578125 0.41015625 0.02578125 0.0234375
0 0.20859375 0.72265625 0.0265625 0.02734375
0 0.196875 0.428125 0.02265625 0.01796875
0 0.34609375 0.4765625 0.021875 0.0203125
0 0.5140625 0.93671875 0.02265625 0.01875
0 0.3484375 0.25390625 0.0234375 0.02421875
0 0.053125 0.503125 0.021875 0.01640625
0 0.8109375 0.20078125 0.021875 0.03203125
0 0.95703125 0.15625 0.02265625 0.01796875
0 0.03359375 0.259375 0.02734375 0.0359375
0 0.81328125 0.2703125 0.02578125 0.03828125
0 0.20625 0.75390625 0.02734375 0.028125
0 0.66875 0.9515625 0.02109375 0.01640625
0 0.975 0.9296875 0.0203125 0.01953125
0 0.046875 0.1484375 0.021875 0.01953125
0 0.8234375 0.9875 0.0234375 0.0234375
0 0.809375 0.14921875 0.01875 0.0234375
0 0.66171875 0.43203125 0.02265625 0.01875
0 0.3609375 0.9296875 0.02421875 0.025
0 0.51171875 0.90390625 0.02890625 0.028125
0 0.35546875 0.09765625 0.0265625 0.0234375
0 0.35 0.12109375 0.0234375 0.02265625
0 0.51015625 0.72890625 0.0234375 0.0328125
0 0.503125 0.11953125 0.0203125 0.01953125
0 0.35 0.5671875 0.021875 0.021875
0 0.66171875 0.72734375 0.021875 0.01796875
0 0.053125 0.93359375 0.025 0.02734375
0 0.353125 0.18515625 0.021875 0.01875
0 0.96640625 0.46328125 0.021875 0.01875
0 0.95859375 0.5734375 0.0203125 0.02109375
0 0.5109375 0.7640625 0.02421875 0.015625
0 0.6671875 0.55234375 0.02265625 0.02265625
0 0.04140625 0.4421875 0.02890625 0.0359375
0 0.66171875 0.65859375 0.02890625 0.0296875
0 0.3421875 0.51015625 0.02109375 0.02265625
0 0.50546875 0.4390625 0.015625 0.01640625
0 0.3640625 0.965625 0.0203125 0.02109375
0 0.6609375 0.6078125 0.0203125 0.01796875
0 0.83515625 0.97265625 0.0234375 0.02109375
0 0.0578125 0.99609375 0.01796875 0.0078125
0 0.51171875 0.87890625 0.02578125 0.0265625
0 0.65546875 0.228125 0.0203125 0.025
0 0.0484375 0.825 0.025 0.0203125
0 0.03984375 0.78046875 0.01484375 0.0203125
0 0.9546875 0.4046875 0.01875 0.01953125
0 0.6484375 0.0390625 0.02109375 0.034375