0 0.05546875 0.00703125 0.021875 0.01328125
0 0.07265625 0.96875 0.0234375 0.02421875
0 0.2203125 0.784375 0.0203125 0.021875
0 0.9671875 0.725 0.0203125 0.021875
0 0.05390625 0.03359375 0.03125 0.02734375
0 0.06484375 0.765625 0.025 0.015625
0 0.2140625 0.59140625 0.0234375 0.02421875
0 0.5171875 0.959375 0.01953125 0.02421875
0 0.2125 0.446875 0.02734375 0.034375
0 0.2125 0.26171875 0.021875 0.02109375
0 0.98046875 0.97578125 0.0234375 0.0265625
0 0.2203125 0.7453125 0.0203125 0.021875
0 0.81171875 0.1703125 0.02109375 0.025
0 0.97421875 0.925 0.0203125 0.021875
0 0.51328125 0.3328125 0.02890625 0.02578125
0 0.9671875 0.65703125 0.01953125 0.021875
0 0.96640625 0.42265625 0.02890625 0.0203125
0 0.37265625 0.54375 0.01796875 0.0171875
0 0.203125 0.0515625 0.03125 0.0265625
0 0.975 0.33984375 0.02265625 0.02265625
0 0.51796875 0.8890625 0.025 0.01953125
0 0.3859375 0.87890625 0.02734375 0.02578125
0 0.81328125 0.415625 0.028125 0.01796875
0 0.06484375 0.42421875 0.01875 0.0140625
0 0.0625 0.8375 0.0265625 0.02265625
0 0.0734375 0.734375 0.02109375 0.0203125
0 0.6609375 0.60859375 0.0234375 0.02421875
0 0.51484375 0.859375 0.02109375 0.021875
0 0.2140625 0.70859375 0.02734375 0.03046875
0 0.80703125 0.05859375 0.0171875 0.01640625
0 0.525 0.99375 0.0265625 0.01171875
0 0.66015625 0.80703125 0.02109375 0.01953125
0 0.81875 0.4421875 0.01875 0.025
0 0.37890625 0.940625 0.02265625 0.021875
0 0.06953125 0.80703125 0.02578125 0.02265625
0 0.04453125 0.07109375 0.021875 0.021875
0 0.5125 0.371875 0.01953125 0.01875
0 0.37109375 0.7421875 0.01875 0.021875
0 0.37109375 0.90546875 0.0203125 0.01484375
0 0.50859375 0.0765625 0.0203125 0.0203125
0 0.9703125 0.38828125 0.01953125 0.02265625
0 0.2140625 0.3546875 0.01875 0.0171875
0 0.3546875 0.44765625 0.01953125 0.01875
0 0.3734375 0.4265625 0.02265625 0.0203125
0 0.95234375 0.23671875 0.028125 0.02109375
0 0.053125 0.128125 0.01796875 0.01875
0 0.80703125 0.3734375 0.02265625 0.01953125
0 0.9734375 0.78125 0.025 0.02109375
0 0.3703125 0.4859375 0.021875 0.0265625
0 0.21484375 0.65390625 0.02421875 0.01875
0 0.06484375 0.91328125 0.03203125 0.0203125
0 0.05078125 0.16796875 0.02265625 0.02421875
0 0.5109375 0.440625 0.0203125 0.01875
0 0.21875 0.41796875 0.03046875 0.01875
0 0.36953125 0.275 0.01875 0.01796875
0 0.06015625 0.37109375 0.01640625 0.01640625
0 0.97578125 0.7578125 0.02109375 0.021875
0 0.83125 0.88828125 0.01796875 0.01640625
0 0.3671875 0.30390625 0.01875 0.01953125
0 0.07109375 0.94453125 0.01796875 0.02109375
0 0.6609375 0.5 0.021875 0.025
0 0.51328125 0.415625 0.0203125 0.01953125
0 0.96875 0.1734375 0.02578125 0.02578125
0 0.05859375 0.2046875 0.0234375 0.0171875
0 0.81171875 0.0171875 0.01875 0.021875
0 0.06328125 0.56171875 0.02890625 0.025
0 0.05625 0.23203125 0.03125 0.02890625
0 0.6578125 0.8390625 0.01640625 0.01796875
0 0.21953125 0.528125 0.0328125 0.0359375
0 0.5078125 0.20234375 0.01875 0.01796875
0 0.8140625 0.11875 0.0203125 0.02578125
0 0.51328125 0.68359375 0.02265625 0.02890625
0 0.8171875 0.97734375 0.01640625 0.01796875
0 0.81953125 0.94140625 0.0171875 0.02109375
0 0.8265625 0.91484375 0.0171875 0.01640625
0 0.06015625 0.6828125 0.01875 0.01953125
0 0.5140625 0.5375 0.02265625 0.01875
0 0.36953125 0.64921875 0.0234375 0.0328125
0 0.66875 0.72578125 0.0203125 0.021875
0 0.36640625 0.36484375 0.02578125 0.02421875
0 0.509375 0.253125 0.021875 0.0171875
0 0.50859375 0.14609375 0.015625 0.0171875
0 0.515625 0.50625 0.0171875 0.0140625
0 0.96875 0.61484375 0.01953125 0.01953125
0 0.81171875 0.659375 0.03125 0.0203125
0 0.96640625 0.51171875 0.01953125 0.021875
0 0.96953125 0.484375 0.0203125 0.025
0 0.659375 0.1671875 0.0171875 0.01953125
0 0.51015625 0.27421875 0.0234375 0.01796875
0 0.38125 0.9828125 0.02421875 0.01796875
0 0.81171875 0.525 0.021875 0.02265625
0 0.37421875 0.79453125 0.02109375 0.02265625
0 0.3625 0.2296875 0.02890625 0.02421875
0 0.96640625 0.8578125 0.01796875 0.0203125
0 0.36484375 0.01640625 0.0375 0.0296875
0 0.51328125 0.80859375 0.01875 0.0171875
0 0.66640625 0.24609375 0.02578125 0.02109375
0 0.51171875 0.48515625 0.02109375 0.0125
0 0.36953125 0.334375 0.0140625 0.0140625
0 0.51953125 0.590625 0.025 0.021875
0 0.65703125 0.00859375 0.02109375 0.01640625
0 0.37734375 0.69765625 0.01796875 0.01875
0 0.21328125 0.09921875 0.02265625 0.02421875
0 0.81171875 0.23984375 0.02109375 0.02421875
0 0.0546875 0.3953125 0.01875 0.0171875
0 0.215625 0.83671875 0.01796875 0.01953125
0 0.36171875 0.0734375 0.021875 0.03046875
0 0.221875 0.990625 0.0171875 0.01640625
0 0.2109375 0.32265625 0.01796875 0.0140625
0 0.671875 0.703125 0.02265625 0.01640625
0 0.66015625 0.225 0.0203125 0.01640625
0 0.21171875 0.18203125 0.01796875 0.0265625
0 0.8328125 0.8640625 0.01640625 0.0171875
0 0.06171875 0.51875 0.0234375 0.01953125
0 0.52109375 0.7328125 0.01875 0.02109375
0 0.3671875 0.5171875 0.02109375 0.01875
0 0.659375 0.53359375 0.01875 0.01640625
0 0.04765625 0.10390625 0.01640625 0.01484375
0 0.66015625 0.41953125 0.0203125 0.01640625
0 0.959375 0.028125 0.0171875 0.015625
0 0.6578125 0.13203125 0.02421875 0.0171875
0 0.04765625 0.28359375 0.0203125 0.0203125
0 0.81015625 0.29609375 0.01875 0.021875
0 0.821875 0.79609375 0.025 0.02421875
0 0.8203125 0.69765625 0.01875 0.021875
0 0.51796875 0.6578125 0.0203125 0.02265625
0 0.5140625 0.77734375 0.015625 0.0203125
0 0.365625 0.86328125 0.01796875 0.01796875
0 0.365625 0.84453125 0.0171875 0.01640625
0 0.3515625 0.1328125 0.0203125 0.02265625
0 0.67109375 0.6671875 0.0203125 0.02265625
0 0.67265625 0.934375 0.01796875 0.02265625
0 0.66796875 0.87578125 0.0203125 0.02265625
0 0.6546875 0.3390625 0.01875 0.01953125