0 0.7265625 0.1296875 0.0203125 0.0234375
0 0.1 0.303125 0.021875 0.025
0 0.584375 0.68828125 0.028125 0.0265625
0 0.57578125 0.503125 0.0265625 0.02265625
0 0.42890625 0.7859375 0.021875 0.0296875
0 0.58359375 0.91171875 0.0203125 0.02578125
0 0.265625 0.1984375 0.01953125 0.02734375
0 0.73828125 0.5984375 0.02265625 0.02421875
0 0.58671875 0.86875 0.02421875 0.01953125
0 0.571875 0.465625 0.0171875 0.01875
0 0.88828125 0.31953125 0.0234375 0.03046875
0 0.73125 0.26484375 0.02421875 0.02421875
0 0.7265625 0.053125 0.02890625 0.02734375
0 0.11640625 0.9859375 0.01875 0.01796875
0 0.56484375 0.42734375 0.02578125 0.0203125
0 0.89296875 0.8921875 0.02890625 0.028125
0 0.26484375 0.6203125 0.02109375 0.0265625
0 0.0984375 0.05625 0.021875 0.01796875
0 0.26484375 0.2984375 0.01875 0.01953125
0 0.4109375 0.37890625 0.02578125 0.02578125
0 0.87890625 0.43203125 0.025 0.02109375
0 0.5828125 0.83515625 0.021875 0.01953125
0 0.89453125 0.8640625 0.02265625 0.021875
0 0.753125 0.946875 0.0234375 0.0203125
0 0.56015625 0.32734375 0.021875 0.0203125
0 0.88359375 0.2734375 0.0234375 0.01875
0 0.8875 0.353125 0.021875 0.02265625
0 0.8984375 0.921875 0.021875 0.02265625
0 0.57578125 0.62421875 0.0328125 0.0265625
0 0.5640625 0.13203125 0.0203125 0.0234375
0 0.1109375 0.11640625 0.0265625 0.021875
0 0.896875 0.9875 0.02109375 0.0234375
0 0.440625 0.90390625 0.02109375 0.01796875
0 0.571875 0.24453125 0.021875 0.025
0 0.5625 0.28203125 0.02109375 0.0234375
0 0.7390625 0.84609375 0.02109375 0.028125
0 0.57421875 0.546875 0.02578125 0.02421875
0 0.8828125 0.2171875 0.0203125 0.02109375
0 0.42265625 0.74375 0.0171875 0.01640625
0 0.42109375 0.17421875 0.01953125 0.01796875
0 0.41796875 0.0953125 0.01875 0.01640625
0 0.42421875 0.5453125 0.02265625 0.02421875
0 0.42421875 0.140625 0.021875 0.025
0 0.58828125 0.9484375 0.02109375 0.01875
0 0.27578125 0.8578125 0.01875 0.01953125
0 0.7453125 0.7953125 0.025 0.0265625
0 0.72734375 0.0109375 0.02578125 0.021875
0 0.87734375 0.19140625 0.03125 0.02578125
0 0.57734375 0.80703125 0.0234375 0.02109375
0 0.271875 0.5390625 0.02421875 0.02109375
0 0.88515625 0.2359375 0.01875 0.01875
0 0.8890625 0.5546875 0.02109375 0.01875
0 0.26796875 0.39296875 0.01953125 0.021875
0 0.4421875 0.9671875 0.021875 0.0234375
0 0.73671875 0.53203125 0.02734375 0.0234375
0 0.2796875 0.990625 0.02109375 0.01796875
0 0.41640625 0.20625 0.0203125 0.01796875
0 0.75546875 0.97578125 0.021875 0.021875
0 0.5640625 0.371875 0.01953125 0.02421875
0 0.89296875 0.83359375 0.028125 0.02109375
0 0.73984375 0.69609375 0.01953125 0.0203125
0 0.27578125 0.66171875 0.01953125 0.0171875
0 0.28125 0.93125 0.01953125 0.0234375
0 0.4140625 0.31875 0.02890625 0.01796875
0 0.42890625 0.646875 0.02578125 0.025
0 0.56796875 0.190625 0.02578125 0.0265625
0 0.56015625 0.1015625 0.01484375 0.0171875
0 0.8875 0.51953125 0.0265625 0.03984375
0 0.89296875 0.76875 0.021875 0.0203125
0 0.43671875 0.86640625 0.01640625 0.01484375
0 0.55703125 0.065625 0.01640625 0.015625
0 0.2703125 0.80625 0.02421875 0.03125
0 0.41484375 0.28359375 0.03828125 0.025
0 0.71875 0.0921875 0.0140625 0.01484375
0 0.878125 0.06796875 0.01953125 0.01796875
0 0.74140625 0.7359375 0.01953125 0.01953125
0 0.74296875 0.91328125 0.0171875 0.01796875
0 0.26484375 0.2296875 0.0171875 0.02265625
0 0.11640625 0.74296875 0.01953125 0.0203125
0 0.734375 0.41484375 0.02109375 0.0203125
0 0.734375 0.67265625 0.01796875 0.02109375
0 0.4265625 0.60703125 0.02734375 0.015625
0 0.73125 0.89765625 0.01796875 0.01875
0 0.4171875 0.5234375 0.0265625 0.0234375
0 0.89375 0.70625 0.0203125 0.015625
0 0.103125 0.7125 0.0171875 0.02109375
0 0.12578125 0.67890625 0.02109375 0.0171875
0 0.734375 0.44609375 0.01953125 0.01953125
0 0.42265625 0.6828125 0.02109375 0.02109375
0 0.565625 0.17265625 0.0203125 0.0171875
0 0.44375 0.9953125 0.01875 0.00859375
0 0.2671875 0.4625 0.01875 0.01875
0 0.73125 0.478125 0.01640625 0.0140625
0 0.1140625 0.6390625 0.021875 0.01796875
0 0.89765625 0.78671875 0.01875 0.015625
0 0.73125 0.38203125 0.01796875 0.01640625
0 0.11328125 0.6140625 0.02265625 0.01875
0 0.55234375 0.01875 0.028125 0.0328125
0 0.73359375 0.55703125 0.0171875 0.0140625
0 0.89765625 0.73359375 0.0203125 0.01484375
0 0.43046875 0.446875 0.01875 0.01640625
0 0.88828125 0.68984375 0.02734375 0.01875
0 0.2671875 0.70390625 0.0234375 0.021875
0 0.28046875 0.95625 0.0171875 0.0171875
0 0.7234375 0.24765625 0.02578125 0.0140625
0 0.409375 0.46796875 0.01640625 0.01484375
0 0.884375 0.45625 0.0234375 0.0171875
0 0.87734375 0.04609375 0.0203125 0.02109375
0 0.875 0.01875 0.0171875 0.0171875
0 0.26328125 0.74765625 0.02578125 0.02265625
0 0.7265625 0.21484375 0.01875 0.02578125
0 0.265625 0.42890625 0.01640625 0.0140625
0 0.103125 0.15 0.02890625 0.0234375
0 0.74140625 0.36171875 0.01796875 0.01796875
0 0.10859375 0.4828125 0.01875 0.01796875
0 0.10078125 0.37890625 0.015625 0.01328125
0 0.10625 0.52890625 0.02109375 0.01875
0 0.878125 0.11328125 0.02265625 0.01875
0 0.128125 0.8453125 0.0234375 0.02109375
0 0.40703125 0.25625 0.02578125 0.0265625
0 0.72421875 0.32265625 0.03046875 0.02265625
0 0.40703125 0.07734375 0.0203125 0.01796875
0 0.10625 0.4359375 0.0171875 0.0171875
0 0.8890625 0.6703125 0.01953125 0.02109375
0 0.8921875 0.6171875 0.01796875 0.01796875
0 0.1296875 0.8890625 0.02109375 0.02109375
0 0.58828125 0.78125 0.021875 0.02421875
0 0.12265625 0.8234375 0.01484375 0.01875
0 0.709375 0.19140625 0.0234375 0.01796875