0 0.72421875 0.975 0.028125 0.02578125
0 0.715625 0.54375 0.025 0.028125
0 0.41875 0.6953125 0.02109375 0.02265625
0 0.3984375 0.36640625 0.0234375 0.02421875
0 0.41796875 0.66484375 0.0234375 0.0234375
0 0.571875 0.721875 0.02734375 0.0296875
0 0.2609375 0.40078125 0.0234375 0.025
0 0.2625 0.69453125 0.021875 0.021875
0 0.5625 0.41640625 0.025 0.0296875
0 0.57578125 0.8734375 0.02265625 0.0234375
0 0.72421875 0.8265625 0.02421875 0.0234375
0 0.40859375 0.521875 0.02421875 0.0203125
0 0.87109375 0.81171875 0.025 0.0328125
0 0.24375 0.15625 0.02265625 0.02421875
0 0.56328125 0.5296875 0.025 0.02265625
0 0.56171875 0.3234375 0.02265625 0.02265625
0 0.56953125 0.95703125 0.02109375 0.01953125
0 0.5609375 0.359375 0.025 0.02265625
0 0.71796875 0.7171875 0.021875 0.02421875
0 0.403125 0.31640625 0.02265625 0.02421875
0 0.56640625 0.6859375 0.02265625 0.02265625
0 0.71171875 0.4765625 0.02109375 0.021875
0 0.721875 0.9453125 0.03203125 0.0234375
0 0.41953125 0.75078125 0.02578125 0.02890625
0 0.25390625 0.4796875 0.02421875 0.028125
0 0.40703125 0.39765625 0.0203125 0.021875
0 0.4296875 0.83203125 0.0203125 0.0203125
0 0.26875 0.8140625 0.0234375 0.02421875
0 0.41015625 0.79140625 0.0265625 0.01640625
0 0.7140625 0.4390625 0.01953125 0.0203125
0 0.86484375 0.40625 0.0265625 0.0234375
0 0.26328125 0.88046875 0.02734375 0.02890625
0 0.10859375 0.4484375 0.0234375 0.01953125
0 0.87265625 0.7296875 0.02578125 0.025
0 0.0984375 0.28984375 0.01875 0.01875
0 0.1140625 0.38203125 0.025 0.0390625
0 0.86484375 0.375 0.025 0.0203125
0 0.41796875 0.61953125 0.0234375 0.02890625
0 0.25703125 0.43359375 0.025 0.02265625
0 0.10859375 0.51875 0.0203125 0.0234375
0 0.56171875 0.4484375 0.021875 0.02421875
0 0.7265625 0.8703125 0.02109375 0.0203125
0 0.39921875 0.06640625 0.02265625 0.02421875
0 0.10546875 0.4875 0.02734375 0.028125
0 0.41015625 0.46875 0.01796875 0.0203125
0 0.40625 0.43359375 0.02109375 0.02109375
0 0.09609375 0.259375 0.025 0.01953125
0 0.4203125 0.7171875 0.01953125 0.02109375
0 0.553125 0.05078125 0.0296875 0.0265625
0 0.70390625 0.04375 0.028125 0.0234375
0 0.86640625 0.45703125 0.025 0.02890625
0 0.24296875 0.12109375 0.0234375 0.0203125
0 0.1140625 0.6390625 0.025 0.02734375
0 0.40390625 0.13359375 0.0203125 0.021875
0 0.1125 0.6046875 0.0234375 0.02265625
0 0.246875 0.28671875 0.0265625 0.01875
0 0.72578125 0.68984375 0.0203125 0.0203125
0 0.25390625 0.321875 0.01953125 0.0171875
0 0.546875 0.15234375 0.025 0.02265625
0 0.57578125 0.99140625 0.0234375 0.0171875
0 0.40078125 0.09375 0.025 0.02265625
0 0.2421875 0.0921875 0.01875 0.01875
0 0.09140625 0.0390625 0.0203125 0.02265625
0 0.70546875 0.234375 0.0234375 0.021875
0 0.7296875 0.89375 0.021875 0.02109375
0 0.41171875 0.91796875 0.0390625 0.03359375
0 0.2578125 0.534375 0.021875 0.02265625
0 0.85078125 0.0265625 0.02109375 0.0234375
0 0.24453125 0.24296875 0.025 0.03046875
0 0.865625 0.5015625 0.021875 0.01796875
0 0.70859375 0.28671875 0.0296875 0.0296875
0 0.70546875 0.19296875 0.021875 0.025
0 0.7125 0.6328125 0.02890625 0.0328125
0 0.11484375 0.55078125 0.0234375 0.02578125
0 0.1140625 0.6640625 0.0234375 0.02109375
0 0.865625 0.34296875 0.02109375 0.01875
0 0.86484375 0.32109375 0.021875 0.01953125
0 0.70546875 0.1484375 0.021875 0.02265625
0 0.86953125 0.62578125 0.0203125 0.02109375
0 0.10078125 0.15703125 0.03203125 0.03125
0 0.8734375 0.684375 0.02578125 0.0203125
0 0.5765625 0.925 0.021875 0.0265625
0 0.85390625 0.26328125 0.0203125 0.0171875
0 0.5484375 0.0921875 0.02265625 0.0234375
0 0.40078125 0.2265625 0.025 0.03359375
0 0.85546875 0.1734375 0.01953125 0.0171875
0 0.8703125 0.59453125 0.021875 0.01953125
0 0.24765625 0.18671875 0.0234375 0.021875
0 0.56796875 0.5828125 0.02578125 0.02734375
0 0.71484375 0.39921875 0.02734375 0.03359375
0 0.56953125 0.78515625 0.02109375 0.02109375
0 0.39296875 0.03359375 0.0171875 0.01640625
0 0.1234375 0.91640625 0.021875 0.0265625
0 0.85390625 0.52578125 0.02578125 0.02265625
0 0.575 0.621875 0.01953125 0.01953125
0 0.25859375 0.965625 0.01796875 0.0171875
0 0.8515625 0.08515625 0.01640625 0.03046875
0 0.85 0.05390625 0.02265625 0.01953125
0 0.8734375 0.8921875 0.01953125 0.025
0 0.7203125 0.7640625 0.01953125 0.02265625
0 0.25234375 0.35234375 0.02109375 0.02421875
0 0.71796875 0.3390625 0.01953125 0.01953125
0 0.246875 0.59921875 0.01796875 0.0328125
0 0.25703125 0.5609375 0.01953125 0.01953125
0 0.5625 0.6515625 0.02421875 0.01875
0 0.234375 0.06171875 0.02109375 0.01875
0 0.121875 0.965625 0.01875 0.01875
0 0.871875 0.65078125 0.021875 0.01953125
0 0.57265625 0.81796875 0.02265625 0.02265625
0 0.1078125 0.13671875 0.02265625 0.021875
0 0.559375 0.27578125 0.01875 0.0171875
0 0.8734375 0.99453125 0.01640625 0.01015625
0 0.11328125 0.8140625 0.01875 0.02109375
0 0.87734375 0.940625 0.01953125 0.02109375
0 0.26875 0.740625 0.01875 0.02265625
0 0.11171875 0.89375 0.0171875 0.0203125
0 0.4234375 0.9875 0.01875 0.02421875
0 0.27109375 0.94375 0.02265625 0.0203125