0 0.10859375 0.6671875 0.02578125 0.02734375
0 0.72578125 0.2921875 0.0296875 0.03984375
0 0.10546875 0.5015625 0.02421875 0.0265625
0 0.88671875 0.2359375 0.0296875 0.03359375
0 0.10390625 0.70390625 0.028125 0.0265625
0 0.41875 0.78671875 0.025 0.0296875
0 0.59375 0.87109375 0.025 0.0234375
0 0.1140625 0.95703125 0.021875 0.02265625
0 0.8921875 0.51484375 0.015625 0.01875
0 0.9015625 0.48046875 0.0265625 0.0265625
0 0.1046875 0.20859375 0.025 0.03359375
0 0.56484375 0.0234375 0.021875 0.021875
0 0.428125 0.8984375 0.025 0.025
0 0.90078125 0.98046875 0.0296875 0.0328125
0 0.73046875 0.42265625 0.025 0.02578125
0 0.1 0.42421875 0.0296875 0.021875
0 0.7390625 0.90390625 0.02578125 0.028125
0 0.10234375 0.38359375 0.021875 0.02578125
0 0.896875 0.8390625 0.02734375 0.02421875
0 0.41171875 0.06875 0.03359375 0.03125
0 0.2625 0.8359375 0.02265625 0.025
0 0.39765625 0.30546875 0.02578125 0.02734375
0 0.7359375 0.6140625 0.02265625 0.02421875
0 0.73671875 0.4796875 0.02265625 0.021875
0 0.1140625 0.9921875 0.02265625 0.015625
0 0.1109375 0.83671875 0.02734375 0.025
0 0.5765625 0.3953125 0.034375 0.0265625
0 0.8953125 0.6546875 0.02265625 0.02109375
0 0.10390625 0.46953125 0.02265625 0.0203125
0 0.58515625 0.7171875 0.0234375 0.01953125
0 0.2578125 0.12265625 0.02109375 0.01953125
0 0.73515625 0.696875 0.0328125 0.03046875
0 0.09921875 0.121875 0.02421875 0.025
0 0.10078125 0.296875 0.0234375 0.02578125
0 0.10625 0.44609375 0.025 0.02265625
0 0.11328125 0.77421875 0.02578125 0.02421875
0 0.7296875 0.35078125 0.02890625 0.03125
0 0.88046875 0.32421875 0.03046875 0.0328125
0 0.89765625 0.6921875 0.02265625 0.02265625
0 0.73203125 0.23203125 0.02890625 0.0265625
0 0.24765625 0.0078125 0.01953125 0.015625
0 0.253125 0.0421875 0.01875 0.01953125
0 0.728125 0.16953125 0.02578125 0.02421875
0 0.57890625 0.46953125 0.02265625 0.0265625
0 0.25625 0.16640625 0.02421875 0.0234375
0 0.57890625 0.28125 0.02734375 0.0328125
0 0.89296875 0.43359375 0.02578125 0.034375
0 0.72890625 0.146875 0.0265625 0.01875
0 0.265625 0.90703125 0.02421875 0.0265625
0 0.89140625 0.58203125 0.01953125 0.01875
0 0.4125 0.2125 0.0296875 0.03203125
0 0.1203125 0.92109375 0.02109375 0.02421875
0 0.7265625 0.11015625 0.02578125 0.03125
0 0.10859375 0.8109375 0.0234375 0.01953125
0 0.7375 0.87265625 0.02421875 0.0203125
0 0.42734375 0.96640625 0.0234375 0.02421875
0 0.8953125 0.615625 0.021875 0.01796875
0 0.72421875 0.009375 0.0234375 0.01875
0 0.41015625 0.12734375 0.025 0.034375
0 0.4140625 0.45 0.028125 0.0203125
0 0.57890625 0.53515625 0.0203125 0.0234375
0 0.89765625 0.78671875 0.0234375 0.02421875
0 0.90234375 0.87265625 0.025 0.0234375
0 0.26640625 0.87578125 0.021875 0.01953125
0 0.09453125 0.00546875 0.02265625 0.01015625
0 0.409375 0.48046875 0.01953125 0.01640625
0 0.72265625 0.0703125 0.0234375 0.0203125
0 0.88984375 0.5578125 0.01953125 0.01953125
0 0.4171875 0.6296875 0.01796875 0.01875
0 0.42578125 0.596875 0.02265625 0.0296875
0 0.5953125 0.9546875 0.01875 0.01796875
0 0.26328125 0.73984375 0.025 0.01796875
0 0.09609375 0.02421875 0.02890625 0.01875
0 0.41484375 0.2546875 0.02734375 0.03046875
0 0.25546875 0.08046875 0.021875 0.021875
0 0.8875 0.1625 0.028125 0.02265625
0 0.26484375 0.78515625 0.02265625 0.01953125
0 0.7359375 0.81328125 0.02578125 0.0234375
0 0.41875 0.43046875 0.03125 0.0203125
0 0.25234375 0.2453125 0.02265625 0.02578125
0 0.26328125 0.20546875 0.02421875 0.021875
0 0.10859375 0.74921875 0.02734375 0.02265625
0 0.740625 0.9546875 0.021875 0.01875
0 0.90078125 0.89609375 0.02265625 0.02421875
0 0.58984375 0.759375 0.01875 0.0171875
0 0.74140625 0.8421875 0.0171875 0.01953125
0 0.57578125 0.1484375 0.01796875 0.02265625
0 0.1078125 0.25546875 0.021875 0.02265625
0 0.5875 0.809375 0.02109375 0.01796875
0 0.88984375 0.27890625 0.01953125 0.021875
0 0.2546875 0.38046875 0.0234375 0.034375
0 0.2609375 0.5078125 0.01640625 0.0203125
0 0.2640625 0.609375 0.02265625 0.0203125