0 0.66796875 0.1296875 0.0296875 0.03359375
0 0.66796875 0.17578125 0.02578125 0.0265625
0 0.66640625 0.2140625 0.0265625 0.0296875
0 0.8234375 0.21953125 0.03046875 0.028125
0 0.9765625 0.54296875 0.02265625 0.01953125
0 0.8234375 0.8546875 0.03046875 0.02734375
0 0.9703125 0.59921875 0.0203125 0.01953125
0 0.97421875 0.86953125 0.025 0.02734375
0 0.675 0.81953125 0.02421875 0.028125
0 0.665625 0.78046875 0.02578125 0.025
0 0.6671875 0.29296875 0.02421875 0.0296875
0 0.37265625 0.11015625 0.0234375 0.0234375
0 0.81953125 0.04609375 0.02890625 0.03046875
0 0.8203125 0.5234375 0.0265625 0.0328125
0 0.6703125 0.971875 0.0265625 0.02578125
0 0.2328125 0.8171875 0.0296875 0.02578125
0 0.228125 0.784375 0.021875 0.02734375
0 0.0765625 0.30703125 0.01796875 0.0171875
0 0.81328125 0.09609375 0.03359375 0.02890625
0 0.52578125 0.74765625 0.02890625 0.02890625
0 0.67734375 0.93515625 0.02890625 0.02421875
0 0.38203125 0.4453125 0.01953125 0.0171875
0 0.97421875 0.7421875 0.0203125 0.021875
0 0.66796875 0.57109375 0.028125 0.028125
0 0.97265625 0.82109375 0.02890625 0.021875
0 0.37109375 0.78046875 0.01953125 0.01875
0 0.67109375 0.67578125 0.025 0.025
0 0.5234375 0.0140625 0.02578125 0.025
0 0.82109375 0.63515625 0.02578125 0.02421875
0 0.378125 0.2296875 0.021875 0.0203125
0 0.36875 0.16875 0.01953125 0.0171875
0 0.2359375 0.27734375 0.01796875 0.01796875
0 0.675 0.890625 0.02421875 0.02421875
0 0.53359375 0.84921875 0.01953125 0.0203125
0 0.22734375 0.61953125 0.021875 0.0203125
0 0.2296875 0.85625 0.02109375 0.02578125
0 0.97890625 0.77109375 0.01875 0.01640625
0 0.8265625 0.7296875 0.02421875 0.03046875
0 0.975 0.625 0.0234375 0.025
0 0.375 0.01640625 0.01953125 0.02109375
0 0.3734375 0.2015625 0.0203125 0.02109375
0 0.81796875 0.26171875 0.02734375 0.0296875
0 0.97265625 0.56171875 0.02109375 0.01796875
0 0.82265625 0.4625 0.02734375 0.02890625
0 0.97890625 0.93515625 0.0234375 0.02421875
0 0.95703125 0.0625 0.03125 0.02265625
0 0.3765625 0.90390625 0.02734375 0.03671875
0 0.371875 0.34453125 0.01796875 0.01640625
0 0.6703125 0.06328125 0.0203125 0.02265625
0 0.23125 0.6625 0.02421875 0.028125
0 0.3796875 0.8609375 0.02421875 0.0234375
0 0.66796875 0.3953125 0.02734375 0.02890625
0 0.38046875 0.478125 0.01796875 0.0171875
0 0.2265625 0.54609375 0.01484375 0.0140625
0 0.971875 0.89375 0.0203125 0.0171875
0 0.66484375 0.02578125 0.02265625 0.01796875
0 0.0703125 0.0328125 0.0171875 0.0171875
0 0.22734375 0.5734375 0.02734375 0.0234375
0 0.83125 0.9828125 0.0234375 0.02578125
0 0.375 0.69765625 0.01953125 0.0203125
0 0.9734375 0.52109375 0.021875 0.01640625
0 0.06953125 0.00625 0.0171875 0.0125
0 0.0671875 0.4203125 0.01796875 0.01640625
0 0.378125 0.73359375 0.01875 0.01875
0 0.97578125 0.49296875 0.02109375 0.025
0 0.5203125 0.49140625 0.02578125 0.01796875
0 0.82109375 0.321875 0.0234375 0.02421875
0 0.3765625 0.06328125 0.02109375 0.021875
0 0.23046875 0.30859375 0.0203125 0.01953125
0 0.07578125 0.67890625 0.028125 0.02890625
0 0.5234375 0.5703125 0.02265625 0.02421875
0 0.38125 0.9453125 0.02578125 0.03515625
0 0.9703125 0.3015625 0.01953125 0.02265625
0 0.66015625 0.25234375 0.021875 0.0203125
0 0.81640625 0.13984375 0.0265625 0.02421875
0 0.67109375 0.08359375 0.0203125 0.0171875
0 0.2203125 0.04296875 0.025 0.01796875
0 0.2203125 0.01171875 0.02734375 0.01953125
0 0.065625 0.2765625 0.02109375 0.02890625
0 0.23046875 0.7234375 0.021875 0.02109375
0 0.2265625 0.18671875 0.01875 0.0171875
0 0.228125 0.49140625 0.0265625 0.02421875
0 0.228125 0.6921875 0.025 0.021875
0 0.07265625 0.853125 0.0234375 0.02421875
0 0.08515625 0.9640625 0.01796875 0.0171875
0 0.52890625 0.43203125 0.01953125 0.01796875
0 0.22734375 0.33359375 0.0203125 0.01953125
0 0.0765625 0.8828125 0.021875 0.0296875
0 0.0734375 0.07265625 0.01640625 0.0171875
0 0.52109375 0.28359375 0.021875 0.0296875
0 0.37265625 0.27265625 0.01875 0.0171875
0 0.971875 0.34921875 0.0234375 0.02578125
0 0.821875 0.5734375 0.021875 0.01953125
0 0.07109375 0.6171875 0.01953125 0.01875
0 0.240625 0.99609375 0.01640625 0.0078125
0 0.075 0.5078125 0.025 0.0234375
0 0.6765625 0.4359375 0.021875 0.021875
0 0.22890625 0.3671875 0.02109375 0.01875
0 0.66953125 0.0046875 0.01953125 0.009375
0 0.075 0.9359375 0.01875 0.01796875
0 0.51796875 0.67890625 0.01875 0.01875
0 0.38359375 0.98203125 0.021875 0.025
0 0.071875 0.3921875 0.01484375 0.0171875
0 0.371875 0.5421875 0.02421875 0.0265625
0 0.821875 0.39140625 0.02109375 0.02109375
0 0.82734375 0.69296875 0.02421875 0.0203125
0 0.97578125 0.171875 0.01953125 0.021875
0 0.66875 0.32421875 0.02421875 0.01875
0 0.2265625 0.40859375 0.0171875 0.0171875
0 0.8234375 0.92890625 0.02109375 0.01796875
0 0.6546875 0.515625 0.021875 0.021875
0 0.36875 0.3125 0.01953125 0.03203125
0 0.0703125 0.0984375 0.01796875 0.01484375
0 0.3796875 0.6703125 0.01796875 0.01640625
0 0.97890625 0.9828125 0.02734375 0.02734375
0 0.52265625 0.04140625 0.0203125 0.02109375
0 0.065625 0.19375 0.021875 0.0203125
0 0.07265625 0.21953125 0.01953125 0.01796875
0 0.528125 0.16875 0.01875 0.03046875
0 0.53125 0.11875 0.02421875 0.01953125
0 0.52421875 0.625 0.0203125 0.01796875
0 0.078125 0.73828125 0.02578125 0.02109375
0 0.07734375 0.5859375 0.0234375 0.021875
0 0.6703125 0.72265625 0.02265625 0.01875
0 0.9578125 0.3921875 0.01953125 0.0203125
0 0.38046875 0.6015625 0.0203125 0.02109375