0 0.375 0.6015625 0.02734375 0.0296875
0 0.21328125 0.70859375 0.02578125 0.0234375
0 0.06015625 0.44375 0.028125 0.0328125
0 0.503125 0.1828125 0.02265625 0.02421875
0 0.2171875 0.678125 0.0234375 0.025
0 0.36328125 0.28828125 0.0265625 0.0265625
0 0.06328125 0.62109375 0.03046875 0.0234375
0 0.04296875 0.39140625 0.01796875 0.02578125
0 0.21484375 0.15 0.02890625 0.025
0 0.221875 0.1796875 0.02265625 0.02265625
0 0.36015625 0.1921875 0.02890625 0.02890625
0 0.3734375 0.6484375 0.0265625 0.02578125
0 0.36640625 0.4421875 0.021875 0.0265625
0 0.06015625 0.3390625 0.028125 0.0296875
0 0.96015625 0.0453125 0.02265625 0.02265625
0 0.06328125 0.39453125 0.02109375 0.02578125
0 0.0625 0.36953125 0.02421875 0.02109375
0 0.3734375 0.32109375 0.02265625 0.02265625
0 0.3671875 0.071875 0.025 0.02421875
0 0.365625 0.39453125 0.02265625 0.0265625
0 0.82109375 0.6671875 0.03046875 0.03359375
0 0.0640625 0.50546875 0.0234375 0.02421875
0 0.37265625 0.84921875 0.02578125 0.02578125
0 0.65390625 0.0328125 0.02421875 0.03203125
0 0.6546875 0.4015625 0.02109375 0.02265625
0 0.51875 0.98359375 0.02421875 0.03046875
0 0.215625 0.4765625 0.028125 0.0265625
0 0.35859375 0.4765625 0.02109375 0.0203125
0 0.06953125 0.7265625 0.02578125 0.02578125
0 0.66328125 0.43984375 0.025 0.028125
0 0.053125 0.09609375 0.02890625 0.02734375
0 0.6625 0.7703125 0.03125 0.02421875
0 0.21484375 0.81015625 0.02578125 0.021875
0 0.50546875 0.240625 0.015625 0.01875
0 0.35703125 0.0328125 0.02421875 0.02421875
0 0.06796875 0.69453125 0.01875 0.021875
0 0.3765625 0.759375 0.0234375 0.02265625
0 0.215625 0.64296875 0.0234375 0.02265625
0 0.2125 0.11796875 0.02578125 0.02578125
0 0.0578125 0.02109375 0.025 0.0328125
0 0.6609375 0.34609375 0.0265625 0.02578125
0 0.8171875 0.79765625 0.02578125 0.0265625
0 0.36875 0.34921875 0.02265625 0.02109375
0 0.515625 0.71640625 0.0265625 0.02578125
0 0.9671875 0.39453125 0.021875 0.02578125
0 0.665625 0.490625 0.02890625 0.02421875
0 0.95390625 0.0203125 0.0203125 0.01796875
0 0.97265625 0.909375 0.01875 0.021875
0 0.0640625 0.265625 0.02890625 0.03671875
0 0.52578125 0.51875 0.0234375 0.02265625
0 0.6546875 0.25703125 0.02734375 0.0234375
0 0.07109375 0.7921875 0.02578125 0.02421875
0 0.06171875 0.15625 0.02578125 0.02890625
0 0.66015625 0.60859375 0.025 0.02734375
0 0.9609375 0.08046875 0.01953125 0.01875
0 0.06796875 0.5359375 0.02109375 0.021875
0 0.81953125 0.57734375 0.02109375 0.0171875
0 0.37109375 0.128125 0.03203125 0.03046875
0 0.08046875 0.83671875 0.0296875 0.0234375
0 0.52109375 0.68203125 0.0203125 0.01796875
0 0.653125 0.18828125 0.0203125 0.0203125
0 0.2046875 0.0625 0.025 0.0234375
0 0.82109375 0.84375 0.02734375 0.02421875
0 0.36875 0.2421875 0.02421875 0.02421875
0 0.21875 0.85 0.01875 0.0203125
0 0.5046875 0.0796875 0.02578125 0.025
0 0.96953125 0.575 0.01875 0.02265625
0 0.5234375 0.94296875 0.02421875 0.02265625
0 0.984375 0.48203125 0.02109375 0.025
0 0.6640625 0.79609375 0.021875 0.021875
0 0.665625 0.87421875 0.02421875 0.028125
0 0.07109375 0.65625 0.025 0.0265625
0 0.5203125 0.87421875 0.02109375 0.0234375
0 0.971875 0.65390625 0.01953125 0.0234375
0 0.80390625 0.2359375 0.0265625 0.02265625
0 0.5109375 0.13125 0.02265625 0.02109375
0 0.50625 0.0125 0.02890625 0.02421875
0 0.6625 0.96796875 0.01875 0.02109375
0 0.05625 0.19375 0.02578125 0.0234375
0 0.3734375 0.67578125 0.021875 0.015625
0 0.96640625 0.871875 0.021875 0.0203125
0 0.2203125 0.90625 0.01796875 0.01796875
0 0.378125 0.93671875 0.021875 0.02265625
0 0.06640625 0.58359375 0.03046875 0.03046875
0 0.0703125 0.7640625 0.021875 0.025
0 0.2078125 0.22109375 0.02578125 0.0359375
0 0.97421875 0.528125 0.02578125 0.02109375
0 0.509375 0.4109375 0.02421875 0.01875
0 0.2 0.33984375 0.015625 0.01953125
0 0.66171875 0.7359375 0.02421875 0.02890625
0 0.36640625 0.51640625 0.02109375 0.0234375
0 0.80546875 0.15078125 0.025 0.03046875
0 0.66171875 0.52109375 0.0234375 0.02265625
0 0.215625 0.43671875 0.0203125 0.021875
0 0.22421875 0.54140625 0.02109375 0.0203125
0 0.515625 0.26484375 0.02109375 0.0203125
0 0.97265625 0.6203125 0.01875 0.01953125
0 0.21328125 0.5078125 0.028125 0.03203125
0 0.50703125 0.0390625 0.025 0.025
0 0.5140625 0.4828125 0.02265625 0.01875
0 0.51484375 0.346875 0.02578125 0.02578125
0 0.38203125 0.9125 0.0265625 0.021875
0 0.36796875 0.15703125 0.0296875 0.02421875
0 0.5140625 0.45703125 0.025 0.02265625
0 0.21328125 0.2828125 0.03203125 0.03984375
0 0.66640625 0.70078125 0.0203125 0.02421875
0 0.66328125 0.671875 0.0234375 0.03046875
0 0.81953125 0.60703125 0.02109375 0.02109375
0 0.21328125 0.98359375 0.0203125 0.0328125
0 0.95859375 0.15234375 0.01953125 0.02109375
0 0.81328125 0.478125 0.021875 0.025
0 0.659375 0.12734375 0.03046875 0.02421875
0 0.21640625 0.93359375 0.0171875 0.0171875
0 0.81875 0.7125 0.03359375 0.0234375
0 0.96015625 0.34609375 0.0234375 0.02734375
0 0.65390625 0.16484375 0.01875 0.01953125
0 0.51875 0.759375 0.0265625 0.025
0 0.51796875 0.7796875 0.02578125 0.02265625
0 0.96640625 0.225 0.0265625 0.01640625
0 0.515625 0.29765625 0.0265625 0.02578125
0 0.07421875 0.9921875 0.02265625 0.01484375
0 0.81875 0.09296875 0.01875 0.0125
0 0.96171875 0.1109375 0.01875 0.0203125
0 0.82265625 0.73359375 0.02734375 0.0203125
0 0.37421875 0.9828125 0.02578125 0.0265625
0 0.9765625 0.98046875 0.02109375 0.0203125
0 0.5265625 0.83828125 0.01953125 0.01875
0 0.0734375 0.88671875 0.0203125 0.02265625
0 0.81328125 0.4234375 0.021875 0.02109375
0 0.221875 0.753125 0.02265625 0.01953125
0 0.81484375 0.26953125 0.01953125 0.01875
0 0.65625 0.21796875 0.01875 0.01484375
0 0.8 0.06484375 0.02421875 0.03203125
0 0.96875 0.83359375 0.02421875 0.03125
0 0.81796875 0.76171875 0.02265625 0.02109375
0 0.975 0.96015625 0.01875 0.01875
0 0.95390625 0.0046875 0.0203125 0.00859375
0 0.3765625 0.95859375 0.0234375 0.01875
0 0.81953125 0.984375 0.0203125 0.021875
0 0.81015625 0.32109375 0.0234375 0.03125
0 0.5296875 0.65390625 0.03203125 0.02109375
0 0.50625 0.621875 0.01953125 0.02109375
0 0.2203125 0.32734375 0.01953125 0.021875
0 0.22109375 0.6015625 0.01953125 0.02109375