0 0.34140625 0.46640625 0.02421875 0.0234375
0 0.04375 0.3234375 0.01875 0.01875
0 0.6515625 0.93203125 0.028125 0.028125
0 0.653125 0.96953125 0.02421875 0.02421875
0 0.03203125 0.04453125 0.0234375 0.021875
0 0.34296875 0.434375 0.01796875 0.01953125
0 0.35859375 0.93125 0.02109375 0.02265625
0 0.8125 0.809375 0.01640625 0.0171875
0 0.040625 0.64609375 0.02109375 0.02421875
0 0.03203125 0.17109375 0.03046875 0.0296875
0 0.3453125 0.39921875 0.02265625 0.02265625
0 0.80234375 0.984375 0.02734375 0.02578125
0 0.496875 0.90390625 0.02265625 0.02109375
0 0.49921875 0.871875 0.01796875 0.015625
0 0.78828125 0.24140625 0.02109375 0.01484375
0 0.63046875 0.43359375 0.01953125 0.0203125
0 0.35078125 0.8375 0.0203125 0.02109375
0 0.92890625 0.390625 0.0234375 0.0265625
0 0.04453125 0.75390625 0.01796875 0.02265625
0 0.80390625 0.78046875 0.01875 0.02109375
0 0.94921875 0.6578125 0.0203125 0.01953125
0 0.78984375 0.3828125 0.01796875 0.01796875
0 0.040625 0.41953125 0.0171875 0.01484375
0 0.48671875 0.2390625 0.01875 0.01875
0 0.653125 0.84765625 0.02734375 0.0203125
0 0.81015625 0.86796875 0.02109375 0.0203125
0 0.47890625 0.16484375 0.0234375 0.0234375
0 0.04609375 0.7796875 0.0171875 0.0203125
0 0.48046875 0.21328125 0.02265625 0.0234375
0 0.4953125 0.7421875 0.02265625 0.03203125
0 0.48671875 0.41953125 0.02265625 0.02578125
0 0.790625 0.4546875 0.01796875 0.015625
0 0.1984375 0.96796875 0.0265625 0.0203125
0 0.94609375 0.62109375 0.01875 0.01875
0 0.49609375 0.9328125 0.02421875 0.02578125
0 0.95234375 0.89140625 0.01875 0.01953125
0 0.18828125 0.1640625 0.02109375 0.02109375
0 0.48515625 0.26875 0.0171875 0.015625
0 0.953125 0.934375 0.0296875 0.0296875
0 0.34609375 0.35625 0.0265625 0.02421875
0 0.3484375 0.60625 0.01796875 0.0234375
0 0.04609375 0.8296875 0.0203125 0.021875
0 0.03359375 0.51640625 0.01953125 0.01484375
0 0.95 0.9671875 0.0265625 0.01953125
0 0.19296875 0.409375 0.0203125 0.0234375
0 0.63671875 0.61484375 0.0265625 0.02265625
0 0.48984375 0.48515625 0.0296875 0.025
0 0.48203125 0.35625 0.01953125 0.0203125
0 0.1984375 0.71796875 0.02265625 0.0265625
0 0.0453125 0.875 0.01875 0.01953125
0 0.34140625 0.0140625 0.02265625 0.021875
0 0.34375 0.5328125 0.02578125 0.021875
0 0.35078125 0.646875 0.02890625 0.0203125
0 0.65 0.90078125 0.02890625 0.01796875
0 0.65 0.88203125 0.0296875 0.0203125
0 0.034375 0.3578125 0.02109375 0.02734375
0 0.9484375 0.78828125 0.02421875 0.028125
0 0.9390625 0.55078125 0.02265625 0.02421875
0 0.1921875 0.60703125 0.01796875 0.01484375
0 0.9296875 0.35390625 0.02109375 0.0203125
0 0.4828125 0.12109375 0.02265625 0.0296875
0 0.8078125 0.84453125 0.0171875 0.01875
0 0.9359375 0.2453125 0.02265625 0.01875
0 0.3546875 0.978125 0.02421875 0.02109375
0 0.18984375 0.634375 0.01796875 0.0171875
0 0.9546875 0.9953125 0.0203125 0.009375
0 0.6390625 0.109375 0.02265625 0.028125
0 0.6140625 0.06796875 0.021875 0.01875
0 0.3515625 0.5 0.02265625 0.0234375
0 0.48984375 0.31953125 0.021875 0.02109375
0 0.19453125 0.4578125 0.01953125 0.0265625
0 0.92890625 0.2234375 0.02421875 0.01953125
0 0.79140625 0.596875 0.03046875 0.0265625
0 0.79765625 0.934375 0.0171875 0.01875
0 0.79296875 0.5 0.0203125 0.03046875
0 0.634375 0.0109375 0.01640625 0.01796875
0 0.4984375 0.965625 0.03046875 0.02421875
0 0.3484375 0.33359375 0.01875 0.01796875
0 0.20234375 0.9921875 0.0203125 0.01484375
0 0.78984375 0.303125 0.01875 0.0171875
0 0.18828125 0.50625 0.01640625 0.01640625
0 0.64765625 0.54765625 0.02578125 0.0234375
0 0.64453125 0.65546875 0.021875 0.025
0 0.3484375 0.16171875 0.01953125 0.02421875
0 0.9328125 0.5921875 0.015625 0.01328125
0 0.9484375 0.8640625 0.01796875 0.01875
0 0.5046875 0.98671875 0.02109375 0.01953125
0 0.9375 0.5046875 0.01796875 0.015625
0 0.9375 0.48125 0.02421875 0.021875
0 0.20078125 0.359375 0.02578125 0.0203125
0 0.78671875 0.346875 0.02734375 0.01953125
0 0.79609375 0.678125 0.01796875 0.02109375
0 0.93671875 0.18125 0.02109375 0.0203125
0 0.93515625 0.32890625 0.01875 0.01640625
0 0.95078125 0.7453125 0.0140625 0.01484375
0 0.49296875 0.61484375 0.01640625 0.015625
0 0.93828125 0.8375 0.0234375 0.01953125
0 0.4890625 0.575 0.01953125 0.01796875
0 0.34140625 0.25390625 0.01640625 0.01640625
0 0.1875 0.115625 0.0234375 0.02109375
0 0.93046875 0.27890625 0.0203125 0.0203125
0 0.784375 0.19296875 0.02421875 0.0234375
0 0.9421875 0.6828125 0.03203125 0.0140625
0 0.790625 0.3265625 0.0203125 0.0203125
0 0.49140625 0.65546875 0.01640625 0.0140625
0 0.19375 0.3203125 0.01875 0.01171875
0 0.20546875 0.79140625 0.01875 0.01953125
0 0.64921875 0.50234375 0.0234375 0.015625
0 0.034375 0.734375 0.01953125 0.0171875
0 0.3421875 0.23046875 0.01953125 0.01796875
0 0.6375 0.0625 0.02265625 0.02734375
0 0.19375 0.33359375 0.0203125 0.01953125
0 0.0296875 0.68046875 0.01796875 0.01953125
0 0.78203125 0.2203125 0.021875 0.01484375
0 0.92890625 0.2953125 0.01875 0.01640625
0 0.63125 0.36796875 0.028125 0.02578125
0 0.4890625 0.6390625 0.0171875 0.0140625
0 0.19375 0.0515625 0.0171875 0.0171875
0 0.6296875 0.23828125 0.02421875 0.021875
0 0.928125 0.1578125 0.02109375 0.0171875
0 0.4890625 0.59921875 0.01875 0.0171875
0 0.20703125 0.9375 0.0171875 0.01640625
0 0.19140625 0.25390625 0.0203125 0.01796875
0 0.3375 0.08046875 0.01875 0.02109375
0 0.19765625 0.2828125 0.0171875 0.0140625
0 0.48203125 0.053125 0.0234375 0.0171875
0 0.34921875 0.7484375 0.02578125 0.01953125
0 0.79453125 0.6546875 0.01875 0.02421875
0 0.653125 0.7515625 0.021875 0.0171875
0 0.93515625 0.72890625 0.02109375 0.02578125
0 0.9375 0.05703125 0.01953125 0.0203125
0 0.19921875 0.76875 0.01640625 0.0203125