0 0.89375 0.73125 0.01875 0.02265625
0 0.29921875 0.9484375 0.02421875 0.02265625
0 0.4515625 0.90546875 0.0234375 0.0265625
0 0.74765625 0.86875 0.03203125 0.02421875
0 0.59453125 0.50390625 0.02265625 0.01875
0 0.59765625 0.73203125 0.02421875 0.02265625
0 0.29375 0.8296875 0.03203125 0.0203125
0 0.29296875 0.921875 0.02109375 0.01875
0 0.13515625 0.65703125 0.02421875 0.0265625
0 0.89140625 0.64921875 0.01875 0.02734375
0 0.596875 0.78046875 0.02109375 0.0234375
0 0.59453125 0.80625 0.01875 0.01953125
0 0.8953125 0.77109375 0.021875 0.0234375
0 0.5921875 0.259375 0.01875 0.02109375
0 0.7421875 0.80234375 0.02578125 0.02890625
0 0.74609375 0.83515625 0.0265625 0.02734375
0 0.29375 0.69375 0.021875 0.02265625
0 0.8890625 0.06640625 0.02265625 0.02421875
0 0.88671875 0.328125 0.0234375 0.02109375
0 0.74609375 0.5515625 0.0234375 0.021875
0 0.89296875 0.8171875 0.02734375 0.02421875
0 0.7375 0.21015625 0.0203125 0.02421875
0 0.44296875 0.18203125 0.02734375 0.0265625
0 0.8859375 0.03046875 0.021875 0.02265625
0 0.2921875 0.97109375 0.02265625 0.015625
0 0.45 0.73515625 0.021875 0.02578125
0 0.89140625 0.54609375 0.02421875 0.02734375
0 0.45234375 0.94140625 0.0203125 0.01953125
0 0.1359375 0.0953125 0.02890625 0.02578125
0 0.29296875 0.99375 0.0203125 0.0125
0 0.884375 0.109375 0.025 0.03046875
0 0.29609375 0.72109375 0.0234375 0.01953125
0 0.8828125 0.1921875 0.02578125 0.02109375
0 0.57890625 0.025 0.03046875 0.0265625
0 0.45625 0.85625 0.01875 0.01796875
0 0.58984375 0.18359375 0.02109375 0.021875
0 0.89453125 0.478125 0.025 0.03359375
0 0.14765625 0.8546875 0.0234375 0.025
0 0.43984375 0.33125 0.0171875 0.0203125
0 0.89765625 0.23125 0.0234375 0.01953125
0 0.73828125 0.065625 0.02734375 0.0296875
0 0.7359375 0.3296875 0.01875 0.01953125
0 0.58359375 0.328125 0.02890625 0.034375
0 0.28359375 0.06328125 0.01875 0.01796875
0 0.590625 0.4390625 0.02578125 0.01875
0 0.14453125 0.72578125 0.021875 0.02109375
0 0.446875 0.29375 0.0203125 0.0234375
0 0.14921875 0.9109375 0.02890625 0.03671875
0 0.45546875 0.8375 0.01796875 0.015625
0 0.45234375 0.98984375 0.01875 0.01953125
0 0.44296875 0.03046875 0.021875 0.01953125
0 0.7421875 0.7359375 0.01953125 0.02109375
0 0.4546875 0.815625 0.021875 0.021875
0 0.44453125 0.41796875 0.01875 0.021875
0 0.89921875 0.875 0.01953125 0.01953125
0 0.2890625 0.44921875 0.028125 0.0296875
0 0.446875 0.49609375 0.021875 0.02109375
0 0.5765625 0.7015625 0.0203125 0.021875
0 0.73984375 0.71015625 0.015625 0.015625
0 0.13671875 0.22578125 0.01796875 0.03125
0 0.1359375 0.19296875 0.02109375 0.02265625
0 0.28359375 0.09375 0.01875 0.02734375
0 0.440625 0.00390625 0.0203125 0.0078125
0 0.14375 0.79453125 0.01796875 0.03203125
0 0.578125 0.2234375 0.02734375 0.01953125
0 0.29609375 0.87265625 0.01875 0.028125
0 0.44765625 0.453125 0.01875 0.01640625
0 0.74765625 0.14921875 0.01953125 0.021875
0 0.7359375 0.2734375 0.0234375 0.02890625
0 0.290625 0.56640625 0.0265625 0.0171875
0 0.43984375 0.08359375 0.028125 0.0234375
0 0.1484375 0.9640625 0.0171875 0.01796875
0 0.58515625 0.65234375 0.01640625 0.0171875
0 0.575 0.109375 0.0203125 0.01484375
0 0.8875 0.26875 0.01640625 0.01484375
0 0.59609375 0.86484375 0.02109375 0.021875
0 0.89375 0.95 0.01875 0.0203125
0 0.89453125 0.97734375 0.015625 0.01484375
0 0.14765625 0.7640625 0.0203125 0.01875
0 0.44921875 0.7859375 0.01796875 0.01953125
0 0.27734375 0.17890625 0.0203125 0.01796875
0 0.740625 0.9953125 0.02109375 0.009375
0 0.8890625 0.57265625 0.02109375 0.0171875
0 0.1296875 0.14140625 0.01875 0.021875
0 0.44375 0.69921875 0.01796875 0.01875
0 0.2859375 0.3390625 0.01875 0.0234375
0 0.890625 0.134375 0.01875 0.01953125
0 0.284375 0.15078125 0.01796875 0.01875
0 0.44921875 0.23828125 0.0171875 0.015625
0 0.14140625 0.2953125 0.0171875 0.015625
0 0.740625 0.44921875 0.02265625 0.02109375
0 0.11328125 0.05390625 0.01875 0.01875
0 0.1359375 0.0296875 0.0265625 0.0296875
0 0.5828125 0.3796875 0.01953125 0.02421875
0 0.44140625 0.628125 0.02265625 0.02109375
0 0.88359375 0.38125 0.0203125 0.015625
0 0.4484375 0.55703125 0.01953125 0.02265625
0 0.59140625 0.88984375 0.01953125 0.01640625
0 0.45078125 0.6609375 0.0203125 0.01875
0 0.28515625 0.2953125 0.01796875 0.01796875
0 0.13828125 0.38359375 0.01875 0.02265625