0 0.93984375 0.46015625 0.0328125 0.028125
0 0.93359375 0.346875 0.02578125 0.028125
0 0.18984375 0.18046875 0.01953125 0.02109375
0 0.33515625 0.009375 0.0234375 0.01796875
0 0.20078125 0.290625 0.0328125 0.0265625
0 0.78828125 0.459375 0.03515625 0.0375
0 0.9390625 0.60703125 0.0265625 0.0296875
0 0.94296875 0.50546875 0.03203125 0.03984375
0 0.9421875 0.41328125 0.03359375 0.03046875
0 0.34453125 0.22890625 0.0234375 0.02421875
0 0.04296875 0.20546875 0.02421875 0.02421875
0 0.50078125 0.37890625 0.0265625 0.02421875
0 0.19609375 0.33203125 0.02421875 0.028125
0 0.6484375 0.559375 0.02421875 0.02421875
0 0.3453125 0.56171875 0.0234375 0.028125
0 0.65234375 0.8078125 0.021875 0.025
0 0.94140625 0.1890625 0.02421875 0.03046875
0 0.19296875 0.21171875 0.01796875 0.01640625
0 0.046875 0.2375 0.02265625 0.021875
0 0.62265625 0.17890625 0.01875 0.02265625
0 0.19453125 0.396875 0.01953125 0.0203125
0 0.94765625 0.9859375 0.02421875 0.02734375
0 0.3484375 0.68359375 0.0296875 0.02421875
0 0.04765625 0.86953125 0.0234375 0.015625
0 0.640625 0.2359375 0.0296875 0.03046875
0 0.04453125 0.715625 0.021875 0.01875
0 0.0375 0.40703125 0.02421875 0.015625
0 0.81171875 0.99140625 0.0234375 0.0171875
0 0.3328125 0.1203125 0.025 0.021875
0 0.6421875 0.76328125 0.03125 0.0265625
0 0.3453125 0.2609375 0.0265625 0.0171875
0 0.65390625 0.9296875 0.0234375 0.02265625
0 0.796875 0.5484375 0.02421875 0.02421875
0 0.053125 0.90078125 0.0203125 0.01953125
0 0.0515625 0.27265625 0.02109375 0.01953125
0 0.94140625 0.7703125 0.0296875 0.0375
0 0.4953125 0.18515625 0.02265625 0.01953125
0 0.78984375 0.396875 0.02578125 0.03046875
0 0.65234375 0.85 0.0234375 0.02265625
0 0.79375 0.3203125 0.03203125 0.02890625
0 0.64765625 0.3296875 0.01875 0.01953125
0 0.18984375 0.43125 0.0203125 0.02265625
0 0.64765625 0.2671875 0.0265625 0.01953125
0 0.79296875 0.0125 0.0234375 0.02421875
0 0.93359375 0.02109375 0.028125 0.028125
0 0.0609375 0.928125 0.01875 0.021875
0 0.78828125 0.51953125 0.025 0.0234375
0 0.3421875 0.059375 0.0203125 0.01953125
0 0.3390625 0.41015625 0.01953125 0.01953125
0 0.3390625 0.29453125 0.021875 0.021875
0 0.4953125 0.078125 0.021875 0.02109375
0 0.79296875 0.21328125 0.025 0.0296875
0 0.203125 0.36484375 0.01953125 0.0203125
0 0.94375 0.6625 0.03515625 0.0359375
0 0.21015625 0.60546875 0.025 0.02265625
0 0.653125 0.30390625 0.0234375 0.01875
0 0.6546875 0.68984375 0.0296875 0.02421875
0 0.3453125 0.35234375 0.01875 0.02265625
0 0.346875 0.49140625 0.021875 0.01796875
0 0.79296875 0.15390625 0.025 0.01953125
0 0.04921875 0.8328125 0.021875 0.01875
0 0.64921875 0.66015625 0.02265625 0.02265625
0 0.48671875 0.15703125 0.021875 0.0171875
0 0.5015625 0.21640625 0.025 0.0234375
0 0.04765625 0.74296875 0.02421875 0.0203125
0 0.04609375 0.4328125 0.02265625 0.02265625
0 0.34375 0.6375 0.02109375 0.025
0 0.64609375 0.61015625 0.01796875 0.01875
0 0.934375 0.1453125 0.0234375 0.01875
0 0.490625 0.41640625 0.01875 0.01953125
0 0.0390625 0.53359375 0.02421875 0.02421875
0 0.653125 0.97421875 0.01875 0.0203125
0 0.6515625 0.88515625 0.01953125 0.01640625
0 0.18984375 0.02578125 0.02421875 0.0265625
0 0.63984375 0.03984375 0.02265625 0.0203125
0 0.49453125 0.01015625 0.0234375 0.01953125
0 0.0421875 0.13984375 0.021875 0.03828125
0 0.3421875 0.47109375 0.02109375 0.01796875
0 0.49375 0.10546875 0.0203125 0.0140625
0 0.64140625 0.1015625 0.01796875 0.02109375
0 0.7859375 0.49609375 0.02578125 0.0171875
0 0.94140625 0.56328125 0.02734375 0.03125
0 0.49609375 0.82890625 0.0265625 0.0234375
0 0.50078125 0.78359375 0.025 0.0390625
0 0.78671875 0.34453125 0.02265625 0.015625
0 0.6515625 0.3875 0.0203125 0.0203125
0 0.65234375 0.99375 0.01953125 0.0109375
0 0.9375 0.11484375 0.0234375 0.01875
0 0.05 0.6625 0.0203125 0.01875
0 0.03515625 0.01640625 0.01640625 0.01953125
0 0.046875 0.4875 0.0171875 0.01953125
0 0.6453125 0.06328125 0.01796875 0.0171875
0 0.19375 0.0078125 0.02109375 0.015625
0 0.05 0.64609375 0.021875 0.02109375
0 0.05 0.975 0.01953125 0.0171875
0 0.3484375 0.73984375 0.01953125 0.02109375
0 0.05390625 0.3765625 0.01875 0.01875
0 0.7890625 0.0625 0.021875 0.02265625
0 0.64765625 0.4171875 0.015625 0.01328125
0 0.49453125 0.24140625 0.02109375 0.01640625
0 0.04609375 0.5796875 0.0265625 0.0234375
0 0.4890625 0.0390625 0.01796875 0.01640625
0 0.053125 0.3 0.02265625 0.01796875
0 0.0515625 0.94609375 0.0265625 0.01484375
0 0.78828125 0.08359375 0.02265625 0.01953125
0 0.20703125 0.515625 0.02421875 0.0171875
0 0.48984375 0.57578125 0.03359375 0.0421875
0 0.49453125 0.5296875 0.021875 0.0265625