0 0.28671875 0.7078125 0.0296875 0.0265625
0 0.2828125 0.640625 0.02421875 0.02421875
0 0.434375 0.93046875 0.02890625 0.02890625
0 0.2875 0.67109375 0.02421875 0.02734375
0 0.59375 0.9796875 0.0265625 0.028125
0 0.29140625 0.97265625 0.02578125 0.0328125
0 0.28984375 0.9234375 0.02734375 0.03125
0 0.8765625 0.64453125 0.025 0.02109375
0 0.8734375 0.6 0.0265625 0.03359375
0 0.28046875 0.58515625 0.02734375 0.028125
0 0.73828125 0.93984375 0.025 0.0296875
0 0.875 0.44296875 0.02578125 0.028125
0 0.7328125 0.4328125 0.028125 0.0234375
0 0.434375 0.96875 0.0265625 0.02421875
0 0.29140625 0.8859375 0.021875 0.02421875
0 0.28125 0.52890625 0.02265625 0.02265625
0 0.5765625 0.13828125 0.03671875 0.03125
0 0.1265625 0.13828125 0.0234375 0.02578125
0 0.2921875 0.83984375 0.02109375 0.02421875
0 0.2875 0.8109375 0.02109375 0.021875
0 0.28671875 0.7546875 0.02890625 0.02421875
0 0.575 0.171875 0.034375 0.02890625
0 0.884375 0.93359375 0.0328125 0.0234375
0 0.59296875 0.7859375 0.0234375 0.02109375
0 0.11796875 0.503125 0.021875 0.02578125
0 0.57890625 0.278125 0.02109375 0.0171875
0 0.5828125 0.56171875 0.0265625 0.02421875
0 0.73046875 0.89453125 0.02421875 0.01875
0 0.11875 0.10390625 0.0328125 0.03046875
0 0.87421875 0.5078125 0.02265625 0.02265625
0 0.4109375 0.36953125 0.0203125 0.021875
0 0.27890625 0.30703125 0.0234375 0.0265625
0 0.590625 0.8671875 0.02421875 0.0265625
0 0.7375 0.9890625 0.02109375 0.02109375
0 0.4296875 0.87578125 0.021875 0.02109375
0 0.5921875 0.81484375 0.02421875 0.02421875
0 0.57734375 0.38984375 0.01875 0.02109375
0 0.4328125 0.6859375 0.01875 0.02109375
0 0.5671875 0.10625 0.02265625 0.0171875
0 0.8640625 0.1796875 0.01875 0.01796875
0 0.42578125 0.16328125 0.02578125 0.02265625
0 0.11640625 0.45390625 0.0171875 0.01875
0 0.86796875 0.28046875 0.01875 0.01328125
0 0.41875 0.11484375 0.02421875 0.034375
0 0.73828125 0.83515625 0.02421875 0.02578125
0 0.57734375 0.3390625 0.01875 0.0203125
0 0.4359375 0.6265625 0.02109375 0.02109375
0 0.1234375 0.06875 0.028125 0.02578125
0 0.7328125 0.46015625 0.02421875 0.0171875
0 0.590625 0.9328125 0.02578125 0.02578125
0 0.27890625 0.36015625 0.01953125 0.01953125
0 0.425 0.184375 0.01953125 0.01875
0 0.121875 0.30703125 0.0234375 0.03046875
0 0.4234375 0.2375 0.0203125 0.02109375
0 0.58984375 0.5921875 0.0234375 0.01796875
0 0.44609375 0.73203125 0.02734375 0.025
0 0.2796875 0.38984375 0.0171875 0.0171875
0 0.43125 0.45 0.02265625 0.02109375
0 0.7265625 0.39765625 0.02265625 0.025
0 0.73984375 0.7171875 0.025 0.021875
0 0.87734375 0.6734375 0.02265625 0.02109375
0 0.28515625 0.778125 0.021875 0.01953125
0 0.43203125 0.57578125 0.01875 0.01796875
0 0.86953125 0.3328125 0.0171875 0.0140625
0 0.571875 0.6859375 0.02734375 0.0203125
0 0.5953125 0.83671875 0.02265625 0.01953125
0 0.43828125 0.54375 0.0203125 0.0171875
0 0.73203125 0.32890625 0.02109375 0.01953125
0 0.27109375 0.20390625 0.01953125 0.01953125
0 0.5890625 0.50234375 0.02578125 0.03515625
0 0.88359375 0.8421875 0.02421875 0.03671875
0 0.884375 0.7453125 0.02109375 0.01875
0 0.41875 0.00546875 0.01875 0.0109375
0 0.865625 0.07578125 0.021875 0.02109375
0 0.74140625 0.8640625 0.02421875 0.02109375
0 0.728125 0.2828125 0.02109375 0.021875
0 0.5796875 0.24375 0.02421875 0.03203125
0 0.27734375 0.25390625 0.02734375 0.015625
0 0.578125 0.0328125 0.03203125 0.0328125
0 0.86953125 0.7234375 0.0234375 0.01953125
0 0.2796875 0.45078125 0.02265625 0.03359375
0 0.7265625 0.75234375 0.0203125 0.0171875
0 0.109375 0.01171875 0.0265625 0.02265625
0 0.86640625 0.2578125 0.0203125 0.01796875
0 0.42109375 0.04453125 0.021875 0.03515625
0 0.11953125 0.25703125 0.01875 0.0234375
0 0.43125 0.4875 0.02109375 0.01875
0 0.4296875 0.834375 0.021875 0.021875
0 0.4203125 0.3 0.02109375 0.02265625
0 0.59296875 0.74453125 0.0234375 0.02265625
0 0.87109375 0.38125 0.0203125 0.01875
0 0.2703125 0.09609375 0.02421875 0.01875
0 0.28203125 0.07265625 0.0234375 0.02109375
0 0.2609375 0.125 0.0203125 0.02109375
0 0.88515625 0.7828125 0.0203125 0.0171875
0 0.88046875 0.6953125 0.01953125 0.0171875
0 0.725 0.36953125 0.021875 0.02109375
0 0.87578125 0.35546875 0.01796875 0.015625
0 0.58203125 0.46796875 0.021875 0.015625
0 0.57734375 0.00859375 0.0234375 0.0171875
0 0.42890625 0.50625 0.01953125 0.01484375
0 0.87578125 0.23125 0.01875 0.02109375
0 0.578125 0.3 0.01640625 0.01484375
0 0.27734375 0.234375 0.028125 0.01953125
0 0.28203125 0.1859375 0.02578125 0.0234375
0 0.1296875 0.36796875 0.01953125 0.0203125
0 0.11953125 0.63515625 0.021875 0.01875
0 0.12734375 0.590625 0.021875 0.0171875
0 0.73046875 0.53984375 0.02109375 0.01796875
0 0.73125 0.634375 0.021875 0.01953125
0 0.7296875 0.58671875 0.01796875 0.01875
0 0.7296875 0.19921875 0.0203125 0.01796875
0 0.72890625 0.16796875 0.01875 0.01953125
0 0.13046875 0.8875 0.0265625 0.02109375
0 0.14140625 0.97265625 0.02265625 0.02109375
0 0.60703125 0.7140625 0.02265625 0.01796875
0 0.58828125 0.65390625 0.02265625 0.02265625