0 0.02734375 0.39609375 0.02265625 0.021875
0 0.19140625 0.96796875 0.02421875 0.0265625
0 0.1875 0.61328125 0.03203125 0.0296875
0 0.3375 0.3046875 0.02578125 0.02265625
0 0.67265625 0.9734375 0.0328125 0.0359375
0 0.5265625 0.853125 0.03125 0.02734375
0 0.02734375 0.290625 0.0234375 0.02421875
0 0.0328125 0.43203125 0.028125 0.02421875
0 0.66953125 0.853125 0.0234375 0.025
0 0.1734375 0.040625 0.02578125 0.0234375
0 0.3484375 0.84375 0.03203125 0.03828125
0 0.97578125 0.94375 0.0265625 0.028125
0 0.67421875 0.66328125 0.021875 0.0265625
0 0.1890625 0.71171875 0.02578125 0.02734375
0 0.19609375 0.89921875 0.0234375 0.028125
0 0.0359375 0.6609375 0.02734375 0.0234375
0 0.03125 0.85859375 0.028125 0.0296875
0 0.3546875 0.7390625 0.0265625 0.02578125
0 0.51875 0.6578125 0.02734375 0.02421875
0 0.67421875 0.89453125 0.0234375 0.02421875
0 0.190625 0.66796875 0.02421875 0.0296875
0 0.66875 0.72421875 0.021875 0.021875
0 0.03203125 0.5015625 0.0234375 0.0265625
0 0.18828125 0.50703125 0.03359375 0.02578125
0 0.5234375 0.8953125 0.02890625 0.02890625
0 0.0421875 0.90546875 0.034375 0.02734375
0 0.034375 0.4671875 0.02265625 0.0234375
0 0.34765625 0.33359375 0.02265625 0.021875
0 0.0359375 0.2546875 0.02890625 0.02578125
0 0.1921875 0.93046875 0.0234375 0.021875
0 0.35078125 0.78125 0.0296875 0.02890625
0 0.040625 0.3546875 0.02109375 0.02265625
0 0.51484375 0.51328125 0.02734375 0.02734375
0 0.3359375 0.0890625 0.0265625 0.02109375
0 0.828125 0.6953125 0.01953125 0.01875
0 0.18828125 0.19296875 0.02578125 0.0234375
0 0.18125 0.44453125 0.025 0.021875
0 0.3390625 0.046875 0.025 0.03125
0 0.50703125 0.10703125 0.0234375 0.0203125
0 0.18828125 0.871875 0.02421875 0.0234375
0 0.51796875 0.68203125 0.028125 0.02265625
0 0.3390625 0.0078125 0.0265625 0.015625
0 0.96875 0.2890625 0.02109375 0.0203125
0 0.33828125 0.1171875 0.021875 0.021875
0 0.81953125 0.584375 0.01796875 0.01796875
0 0.190625 0.55234375 0.02734375 0.034375
0 0.815625 0.4484375 0.02421875 0.02578125
0 0.96484375 0.4859375 0.0234375 0.021875
0 0.17578125 0.09765625 0.02421875 0.02578125
0 0.81953125 0.26328125 0.021875 0.025
0 0.81953125 0.65078125 0.02578125 0.02890625
0 0.33515625 0.1515625 0.03125 0.0296875
0 0.9734375 0.621875 0.01640625 0.0171875
0 0.9703125 0.58984375 0.01953125 0.01953125
0 0.66875 0.32578125 0.02265625 0.028125
0 0.8203125 0.34375 0.01796875 0.01484375
0 0.51015625 0.0140625 0.02578125 0.028125
0 0.5140625 0.615625 0.0265625 0.02265625
0 0.33828125 0.39921875 0.02265625 0.021875
0 0.35859375 0.903125 0.034375 0.0359375
0 0.5046875 0.04609375 0.02578125 0.02109375
0 0.66875 0.76875 0.02421875 0.0234375
0 0.52890625 0.72109375 0.0234375 0.02109375
0 0.97421875 0.8890625 0.01796875 0.01953125
0 0.9546875 0.059375 0.01875 0.02109375
0 0.03671875 0.78515625 0.0328125 0.03359375
0 0.178125 0.26015625 0.0234375 0.028125
0 0.82109375 0.3953125 0.02109375 0.0203125
0 0.66484375 0.25859375 0.021875 0.02265625
0 0.96640625 0.81640625 0.01953125 0.0140625
0 0.81953125 0.51484375 0.021875 0.01953125
0 0.97265625 0.53828125 0.01875 0.021875
0 0.025 0.21640625 0.0234375 0.0234375
0 0.9765625 0.86328125 0.01875 0.02109375
0 0.51484375 0.23125 0.02421875 0.021875
0 0.33984375 0.359375 0.01953125 0.01953125
0 0.5203125 0.81796875 0.02265625 0.02109375
0 0.94453125 0.13046875 0.02265625 0.01875
0 0.509375 0.07890625 0.0203125 0.01796875
0 0.19375 0.365625 0.0296875 0.025
0 0.6640625 0.2109375 0.0203125 0.021875
0 0.0421875 0.703125 0.02578125 0.021875
0 0.96875 0.36484375 0.02109375 0.02109375
0 0.528125 0.9890625 0.02421875 0.02109375
0 0.33828125 0.4265625 0.0265625 0.0234375
0 0.046875 0.98984375 0.02734375 0.01953125
0 0.52734375 0.4421875 0.028125 0.028125
0 0.3375 0.2546875 0.025 0.02265625
0 0.8265625 0.89609375 0.021875 0.02265625
0 0.5203125 0.26953125 0.025 0.021875
0 0.51796875 0.3171875 0.028125 0.025
0 0.959375 0.446875 0.021875 0.0296875
0 0.034375 0.73515625 0.02890625 0.0328125
0 0.0453125 0.61640625 0.02265625 0.028125
0 0.6625 0.428125 0.034375 0.021875
0 0.18359375 0.465625 0.0203125 0.01796875
0 0.34296875 0.56015625 0.025 0.025
0 0.3453125 0.59296875 0.0265625 0.03046875
0 0.02421875 0.071875 0.02421875 0.02109375
0 0.821875 0.32265625 0.01796875 0.0171875
0 0.52109375 0.53984375 0.02109375 0.01796875
0 0.3359375 0.1828125 0.03203125 0.0265625
0 0.815625 0.1390625 0.021875 0.02265625
0 0.18359375 0.40546875 0.028125 0.02734375
0 0.02421875 0.0203125 0.02265625 0.02265625
0 0.034375 0.11796875 0.02109375 0.02109375
0 0.34296875 0.646875 0.03125 0.0453125
0 0.1859375 0.221875 0.02265625 0.0171875
0 0.95234375 0.103125 0.025 0.0203125
0 0.3421875 0.48984375 0.021875 0.025
0 0.0234375 0.14453125 0.02421875 0.0203125
0 0.02265625 0.315625 0.01953125 0.01640625
0 0.96015625 0.0203125 0.015625 0.01640625
0 0.9671875 0.69140625 0.01875 0.01953125
0 0.50625 0.375 0.0203125 0.01953125
0 0.5078125 0.146875 0.0171875 0.01796875
0 0.96015625 0.31953125 0.0171875 0.01875
0 0.94609375 0.2390625 0.0234375 0.0203125
0 0.8078125 0.071875 0.01875 0.0203125
0 0.81640625 0.0078125 0.021875 0.015625
0 0.978125 0.99609375 0.0234375 0.0078125
0 0.8171875 0.0515625 0.01953125 0.01875
0 0.34140625 0.5296875 0.028125 0.028125
0 0.97421875 0.77109375 0.01953125 0.01875
0 0.828125 0.99453125 0.021875 0.0109375
0 0.1796875 0.28515625 0.02578125 0.015625
0 0.6625 0.03359375 0.021875 0.0234375
0 0.51171875 0.190625 0.01875 0.0171875
0 0.5140625 0.3359375 0.021875 0.01796875
0 0.96875 0.73515625 0.01875 0.0203125
0 0.3546875 0.959375 0.0234375 0.02421875