0 0.51015625 0.290625 0.03125 0.03046875
0 0.3640625 0.3734375 0.03203125 0.0375
0 0.503125 0.0328125 0.0265625 0.03046875
0 0.36015625 0.27578125 0.03125 0.02578125
0 0.06953125 0.7859375 0.03046875 0.02890625
0 0.21328125 0.7140625 0.02578125 0.03203125
0 0.6578125 0.015625 0.03359375 0.03125
0 0.36875 0.8390625 0.03359375 0.028125
0 0.36328125 0.321875 0.02734375 0.03125
0 0.65546875 0.16171875 0.03515625 0.03671875
0 0.50078125 0.440625 0.0296875 0.03359375
0 0.66328125 0.2140625 0.03984375 0.03984375
0 0.06328125 0.675 0.025 0.02265625
0 0.05390625 0.084375 0.0375 0.0328125
0 0.35390625 0.80546875 0.02578125 0.03046875
0 0.065625 0.71015625 0.028125 0.03125
0 0.8140625 0.70625 0.021875 0.01953125
0 0.5109375 0.63125 0.0265625 0.02734375
0 0.81015625 0.92265625 0.0296875 0.03359375
0 0.3671875 0.72890625 0.02421875 0.02734375
0 0.21328125 0.81171875 0.02734375 0.034375
0 0.2046875 0.1109375 0.0375 0.0359375
0 0.5015625 0.06875 0.02265625 0.025
0 0.059375 0.35078125 0.0234375 0.0265625
0 0.365625 0.4421875 0.02421875 0.0265625
0 0.82109375 0.96328125 0.02578125 0.03046875
0 0.50390625 0.1796875 0.0234375 0.02265625
0 0.51015625 0.3265625 0.02109375 0.021875
0 0.20390625 0.01640625 0.02578125 0.02890625
0 0.66796875 0.96953125 0.0390625 0.0328125
0 0.06875 0.63359375 0.02578125 0.02890625
0 0.50859375 0.23671875 0.03203125 0.025
0 0.20859375 0.2859375 0.03125 0.03671875
0 0.50625 0.2125 0.02421875 0.021875
0 0.35390625 0.23984375 0.02890625 0.02265625
0 0.96640625 0.6578125 0.0234375 0.028125
0 0.35390625 0.21953125 0.02890625 0.02265625
0 0.06796875 0.82890625 0.02890625 0.02734375
0 0.3640625 0.69296875 0.02421875 0.025
0 0.67421875 0.7328125 0.0328125 0.03359375
0 0.81640625 0.78828125 0.0390625 0.03984375
0 0.95 0.0734375 0.0265625 0.03203125
0 0.95546875 0.9875 0.02421875 0.02421875
0 0.8125 0.73125 0.0265625 0.0265625
0 0.2125 0.77421875 0.02578125 0.02265625
0 0.675 0.7828125 0.0265625 0.03046875
0 0.6609375 0.5140625 0.0296875 0.034375
0 0.96640625 0.89296875 0.02109375 0.0234375
0 0.94453125 0.13515625 0.025 0.028125
0 0.0609375 0.3 0.02734375 0.0328125
0 0.67578125 0.82734375 0.02890625 0.03046875
0 0.5125 0.9421875 0.02890625 0.0484375
0 0.36640625 0.11875 0.02578125 0.02109375
0 0.9671875 0.94921875 0.02734375 0.025
0 0.2109375 0.0609375 0.03203125 0.025
0 0.95859375 0.6203125 0.0234375 0.02265625
0 0.95 0.01484375 0.025 0.02734375
0 0.36640625 0.540625 0.025 0.02265625
0 0.515625 0.71953125 0.021875 0.02578125
0 0.5203125 0.9890625 0.02265625 0.0203125
0 0.05546875 0.00625 0.02109375 0.01171875
0 0.95703125 0.26015625 0.028125 0.02734375
0 0.18671875 0.15703125 0.028125 0.02421875
0 0.2171875 0.59453125 0.025 0.0265625
0 0.35078125 0.05390625 0.02265625 0.02421875
0 0.07265625 0.3875 0.02421875 0.02265625
0 0.51875 0.853125 0.02421875 0.028125
0 0.05703125 0.025 0.0234375 0.02265625
0 0.9609375 0.5796875 0.0203125 0.01875
0 0.35703125 0.60625 0.02109375 0.0203125
0 0.20859375 0.64453125 0.03046875 0.02734375
0 0.2109375 0.5078125 0.02734375 0.0359375
0 0.51328125 0.78203125 0.021875 0.0203125
0 0.50234375 0.00546875 0.02265625 0.01015625
0 0.2140625 0.46640625 0.01953125 0.02265625
0 0.36484375 0.56328125 0.02265625 0.0234375
0 0.81171875 0.27734375 0.0203125 0.02265625
0 0.503125 0.14453125 0.02109375 0.021875
0 0.6640625 0.0609375 0.02109375 0.02109375
0 0.95703125 0.546875 0.0203125 0.02109375
0 0.21015625 0.3328125 0.02734375 0.0328125
0 0.0640625 0.596875 0.02265625 0.02265625
0 0.36796875 0.8890625 0.03203125 0.02265625
0 0.67421875 0.87578125 0.02265625 0.0203125
0 0.6640625 0.46953125 0.021875 0.02421875
0 0.35 0.15625 0.0203125 0.01953125
0 0.065625 0.4265625 0.02421875 0.025
0 0.95 0.33125 0.01953125 0.01953125
0 0.94609375 0.29765625 0.028125 0.02578125
0 0.94375 0.19453125 0.025 0.02578125
0 0.66953125 0.60859375 0.02265625 0.03203125
0 0.36015625 0.48984375 0.028125 0.03828125
0 0.215625 0.75078125 0.025 0.0203125
0 0.96328125 0.8421875 0.0265625 0.0296875
0 0.1953125 0.18125 0.03046875 0.02109375
0 0.8078125 0.18828125 0.02421875 0.01875
0 0.8140625 0.24140625 0.01953125 0.0203125
0 0.6703125 0.9171875 0.021875 0.02890625
0 0.8140625 0.35234375 0.0265625 0.02578125
0 0.21953125 0.94453125 0.02109375 0.01875
0 0.81171875 0.5390625 0.02734375 0.03046875
0 0.2171875 0.98359375 0.02265625 0.01875
0 0.66640625 0.2515625 0.0203125 0.02109375
0 0.9578125 0.75546875 0.034375 0.025
0 0.3671875 0.940625 0.0234375 0.025
0 0.671875 0.85 0.0265625 0.01796875
0 0.059375 0.9015625 0.02578125 0.02734375
0 0.515625 0.67265625 0.01953125 0.01953125
0 0.5015625 0.121875 0.02109375 0.01796875
0 0.815625 0.86484375 0.02265625 0.0234375
0 0.36015625 0.9953125 0.01953125 0.00859375
0 0.20703125 0.665625 0.025 0.0171875
0 0.3671875 0.8703125 0.02890625 0.01875
0 0.36640625 0.63125 0.02421875 0.02421875
0 0.6625 0.2796875 0.0203125 0.0171875
0 0.8015625 0.4203125 0.0328125 0.0265625
0 0.971875 0.7265625 0.02265625 0.025
0 0.06171875 0.48671875 0.02421875 0.0234375
0 0.0703125 0.2375 0.02265625 0.02265625
0 0.21484375 0.9234375 0.021875 0.01875
0 0.80703125 0.08984375 0.0203125 0.02109375
0 0.7984375 0.1546875 0.02109375 0.01875
0 0.203125 0.21171875 0.025 0.025
0 0.96484375 0.49296875 0.025 0.02265625
0 0.0640625 0.93046875 0.021875 0.01875
0 0.81328125 0.47578125 0.0265625 0.0296875
0 0.80859375 0.0109375 0.0203125 0.01953125
0 0.06328125 0.5171875 0.02265625 0.021875
0 0.80625 0.2125 0.0234375 0.01796875
0 0.80859375 0.05859375 0.02109375 0.0203125
0 0.66640625 0.4 0.02265625 0.02109375
0 0.66484375 0.36953125 0.0328125 0.02578125
0 0.2171875 0.8875 0.02109375 0.01875
0 0.34765625 0.0078125 0.0203125 0.015625
0 0.80390625 0.13359375 0.02421875 0.021875
0 0.66328125 0.33046875 0.0234375 0.02109375
0 0.05703125 0.19296875 0.034375 0.02890625
0 0.49921875 0.48671875 0.01953125 0.02265625
0 0.80859375 0.6421875 0.02578125 0.02265625
0 0.95859375 0.3875 0.01796875 0.0203125
0 0.95703125 0.46484375 0.01640625 0.0171875
0 0.5109375 0.3890625 0.0296875 0.02265625