0 0.05703125 0.55546875 0.03515625 0.03125
0 0.18046875 0.07890625 0.03046875 0.02734375
0 0.03515625 0.05625 0.0234375 0.021875
0 0.05390625 0.51640625 0.025 0.02578125
0 0.18359375 0.40859375 0.02421875 0.02265625
0 0.0484375 0.19140625 0.02734375 0.028125
0 0.7953125 0.11484375 0.01875 0.02265625
0 0.34140625 0.546875 0.02734375 0.03046875
0 0.20078125 0.884375 0.03046875 0.0296875
0 0.040625 0.084375 0.021875 0.0203125
0 0.18828125 0.01015625 0.02421875 0.01953125
0 0.81171875 0.9609375 0.02578125 0.0234375
0 0.05625 0.65390625 0.02265625 0.02421875
0 0.0453125 0.23046875 0.0203125 0.02265625
0 0.05078125 0.44296875 0.021875 0.021875
0 0.34375 0.965625 0.02890625 0.025
0 0.05390625 0.61953125 0.0234375 0.02734375
0 0.0453125 0.1265625 0.0296875 0.0234375
0 0.66171875 0.80625 0.01953125 0.01953125
0 0.1859375 0.14453125 0.0234375 0.02109375
0 0.05234375 0.4859375 0.0234375 0.0234375
0 0.190625 0.22421875 0.01953125 0.0203125
0 0.80390625 0.146875 0.025 0.0234375
0 0.64453125 0.55546875 0.01875 0.02265625
0 0.8125 0.84140625 0.01953125 0.02578125
0 0.6421875 0.41640625 0.01875 0.0203125
0 0.94921875 0.24609375 0.02421875 0.02109375
0 0.1984375 0.9296875 0.02265625 0.0203125
0 0.3359375 0.01484375 0.02265625 0.021875
0 0.06171875 0.85390625 0.02265625 0.02578125
0 0.31875 0.10234375 0.02421875 0.0234375
0 0.34140625 0.08515625 0.034375 0.0265625
0 0.63984375 0.1296875 0.02109375 0.02578125
0 0.3359375 0.26640625 0.02109375 0.01796875
0 0.81875 0.990625 0.025 0.01875
0 0.49609375 0.6578125 0.015625 0.0171875
0 0.96953125 0.99140625 0.01796875 0.0140625
0 0.95546875 0.3296875 0.0265625 0.0296875
0 0.1921875 0.18671875 0.02421875 0.021875
0 0.62890625 0.09296875 0.03359375 0.0203125
0 0.49296875 0.4796875 0.02421875 0.021875
0 0.63125 0.21015625 0.01875 0.015625
0 0.79765625 0.18125 0.0234375 0.02265625
0 0.94921875 0.21640625 0.02265625 0.01796875
0 0.1921875 0.36953125 0.025 0.0234375
0 0.19453125 0.590625 0.021875 0.0203125
0 0.06015625 0.96953125 0.01953125 0.01953125
0 0.80234375 0.321875 0.025 0.01796875
0 0.046875 0.00546875 0.021875 0.0109375
0 0.18984375 0.4625 0.02421875 0.01953125
0 0.18671875 0.046875 0.021875 0.02109375
0 0.3390625 0.6828125 0.0234375 0.0265625
0 0.496875 0.56171875 0.01875 0.01953125
0 0.95625 0.4703125 0.02109375 0.02578125
0 0.94609375 0.02421875 0.01953125 0.01796875
0 0.8171875 0.7609375 0.02578125 0.02734375
0 0.64140625 0.18125 0.02265625 0.0234375
0 0.2 0.83515625 0.02421875 0.02109375
0 0.9609375 0.65390625 0.02421875 0.02421875
0 0.2046875 0.31953125 0.0265625 0.02109375
0 0.634375 0.33359375 0.025 0.02265625
0 0.0453125 0.153125 0.025 0.02109375
0 0.05390625 0.69296875 0.02265625 0.02265625
0 0.2015625 0.6671875 0.021875 0.01875
0 0.5015625 0.70625 0.021875 0.021875
0 0.95078125 0.27578125 0.01953125 0.01953125
0 0.7921875 0.20625 0.0203125 0.015625
0 0.80859375 0.79609375 0.02421875 0.01875
0 0.34375 0.58515625 0.02421875 0.01640625
0 0.196875 0.62578125 0.0203125 0.01640625
0 0.815625 0.36484375 0.02421875 0.02109375
0 0.959375 0.70859375 0.01640625 0.01875
0 0.20390625 0.74765625 0.0171875 0.01796875
0 0.50078125 0.96796875 0.01796875 0.01953125
0 0.8046875 0.55625 0.01953125 0.03203125
0 0.34375 0.88984375 0.01796875 0.03671875
0 0.49375 0.21953125 0.01796875 0.01875
0 0.6578125 0.8875 0.0171875 0.0171875
0 0.80078125 0.51015625 0.01640625 0.01875
0 0.80859375 0.47734375 0.01640625 0.01640625
0 0.65390625 0.9265625 0.01953125 0.01640625
0 0.04296875 0.2671875 0.028125 0.0234375
0 0.1921875 0.2671875 0.01796875 0.01796875
0 0.19296875 0.29453125 0.01796875 0.01484375
0 0.503125 0.99375 0.01953125 0.0125
0 0.05859375 0.9953125 0.01875 0.00859375
0 0.49375 0.4421875 0.01875 0.01796875
0 0.959375 0.7546875 0.02109375 0.03515625
0 0.3375 0.3328125 0.01875 0.01484375
0 0.49140625 0.40390625 0.01953125 0.01875
0 0.4890625 0.05234375 0.02109375 0.0171875
0 0.0671875 0.93984375 0.025 0.02109375
0 0.04140625 0.32265625 0.02109375 0.02109375
0 0.3375 0.29765625 0.01796875 0.01640625
0 0.8078125 0.73203125 0.0171875 0.015625
0 0.028125 0.021875 0.02421875 0.02109375
0 0.33515625 0.490625 0.01796875 0.01796875
0 0.6453125 0.63125 0.028125 0.02421875
0 0.634375 0.06484375 0.01796875 0.01484375
0 0.81640625 0.9078125 0.03046875 0.028125
0 0.96015625 0.621875 0.015625 0.01640625
0 0.94609375 0.04921875 0.021875 0.01484375
0 0.48515625 0.17265625 0.015625 0.015625
0 0.503125 0.89453125 0.02421875 0.01875
0 0.4890625 0.5203125 0.0234375 0.021875
0 0.4890625 0.7484375 0.02734375 0.0171875
0 0.965625 0.95859375 0.01796875 0.01875
0 0.659375 0.8421875 0.0171875 0.01796875
0 0.346875 0.7125 0.021875 0.02578125
0 0.8046875 0.23671875 0.01875 0.01796875
0 0.7984375 0.43515625 0.02109375 0.01796875
0 0.96953125 0.89375 0.01640625 0.01875
0 0.9515625 0.18828125 0.01796875 0.0140625
0 0.94765625 0.08125 0.01640625 0.01640625
0 0.20390625 0.7078125 0.02109375 0.021875
0 0.49453125 0.78125 0.0234375 0.01640625
0 0.7921875 0.28203125 0.0203125 0.01640625
0 0.9453125 0.38515625 0.02421875 0.01875
0 0.64453125 0.26171875 0.02578125 0.01875
0 0.63359375 0.228125 0.01875 0.01171875
0 0.94296875 0.115625 0.034375 0.01796875
0 0.64296875 0.01953125 0.01953125 0.0171875
0 0.80546875 0.26171875 0.01796875 0.01796875
0 0.809375 0.40703125 0.02109375 0.01953125
0 0.47578125 0.0765625 0.02265625 0.01328125
0 0.48828125 0.0265625 0.01796875 0.01796875
0 0.64140625 0.4984375 0.0234375 0.03203125
0 0.4953125 0.6140625 0.015625 0.015625
0 0.4890625 0.81015625 0.01953125 0.01953125
0 0.9453125 0.41796875 0.01484375 0.01171875
0 0.7921875 0.053125 0.015625 0.0171875
0 0.33671875 0.2265625 0.02109375 0.0359375
0 0.48828125 0.34140625 0.01953125 0.02109375
0 0.48828125 0.3015625 0.01953125 0.02265625
0 0.48984375 0.26015625 0.01796875 0.0171875
0 0.64609375 0.309375 0.028125 0.02109375
0 0.05390625 0.77890625 0.02578125 0.02109375
0 0.95703125 0.8234375 0.03203125 0.0328125
0 0.496875 0.590625 0.0171875 0.0171875
0 0.65234375 0.6484375 0.02109375 0.0203125
0 0.953125 0.5921875 0.01640625 0.01796875
0 0.05 0.74453125 0.02890625 0.0328125
0 0.63984375 0.465625 0.01640625 0.0203125
0 0.8078125 0.67734375 0.01640625 0.01953125
0 0.81171875 0.646875 0.01953125 0.02265625
0 0.81015625 0.60859375 0.0234375 0.01953125
0 0.64921875 0.725 0.01796875 0.02109375