0 0.96640625 0.79609375 0.0203125 0.021875
0 0.97421875 0.95703125 0.02109375 0.01875
0 0.796875 0.4953125 0.0203125 0.01953125
0 0.79296875 0.9734375 0.0203125 0.0234375
0 0.8046875 0.61796875 0.01953125 0.01796875
0 0.34453125 0.5453125 0.02578125 0.0234375
0 0.79609375 0.31484375 0.03046875 0.02265625
0 0.790625 0.2796875 0.0203125 0.02421875
0 0.95703125 0.42265625 0.0265625 0.02421875
0 0.79375 0.93203125 0.02109375 0.021875
0 0.48828125 0.8203125 0.02421875 0.01640625
0 0.046875 0.2921875 0.02265625 0.02109375
0 0.0515625 0.37890625 0.02265625 0.02265625
0 0.7890625 0.54140625 0.02734375 0.01953125
0 0.490625 0.50078125 0.02890625 0.028125
0 0.7921875 0.09296875 0.01640625 0.0171875
0 0.2125 0.3921875 0.021875 0.02265625
0 0.953125 0.70078125 0.02265625 0.021875
0 0.8 0.46484375 0.0296875 0.0171875
0 0.05078125 0.3515625 0.02421875 0.02265625
0 0.34453125 0.78515625 0.02109375 0.0203125
0 0.05390625 0.325 0.0265625 0.025
0 0.04375 0.17734375 0.02109375 0.02265625
0 0.49921875 0.9625 0.0234375 0.0234375
0 0.4953125 0.5703125 0.0171875 0.02265625
0 0.3421875 0.5984375 0.01953125 0.0203125
0 0.9484375 0.02734375 0.021875 0.0234375
0 0.3484375 0.225 0.021875 0.01953125
0 0.05 0.41484375 0.021875 0.02265625
0 0.49375 0.84765625 0.0203125 0.01953125
0 0.790625 0.4453125 0.025 0.01875
0 0.046875 0.2296875 0.0265625 0.028125
0 0.96640625 0.82734375 0.01875 0.0203125
0 0.95625 0.6671875 0.01484375 0.01484375
0 0.95859375 0.371875 0.0203125 0.02421875
0 0.65234375 0.53046875 0.02421875 0.03125
0 0.35234375 0.18984375 0.02109375 0.01953125
0 0.80234375 0.5171875 0.0171875 0.01484375
0 0.97578125 0.853125 0.0171875 0.02109375
0 0.80234375 0.58359375 0.02109375 0.01953125
0 0.79375 0.8859375 0.02109375 0.021875
0 0.79296875 0.42109375 0.0203125 0.0234375
0 0.203125 0.6765625 0.02421875 0.0234375
0 0.65 0.096875 0.021875 0.0203125
0 0.4875 0.46015625 0.02734375 0.02890625
0 0.64453125 0.0578125 0.02890625 0.0359375
0 0.19375 0.46171875 0.0203125 0.021875
0 0.79609375 0.3484375 0.025 0.0265625
0 0.94921875 0.3359375 0.02109375 0.02109375
0 0.49140625 0.73046875 0.01875 0.02109375
0 0.9484375 0.06015625 0.0203125 0.01953125
0 0.6296875 0.30625 0.01875 0.0203125
0 0.20234375 0.49453125 0.02265625 0.015625
0 0.7984375 0.21015625 0.0203125 0.01953125
0 0.1890625 0.1921875 0.01953125 0.01953125
0 0.19609375 0.55234375 0.0203125 0.021875
0 0.203125 0.7234375 0.02578125 0.01953125
0 0.20390625 0.43046875 0.01953125 0.02109375
0 0.95 0.259375 0.025 0.02421875
0 0.96171875 0.52109375 0.03125 0.02421875
0 0.19375 0.6421875 0.0171875 0.01875
0 0.96875 0.7625 0.0203125 0.02421875
0 0.8046875 0.64453125 0.01875 0.01328125
0 0.953125 0.396875 0.03359375 0.02109375
0 0.1953125 0.2875 0.02421875 0.02421875
0 0.965625 0.45078125 0.01953125 0.021875
0 0.784375 0.0625 0.02109375 0.01875
0 0.3390625 0.271875 0.01953125 0.02109375
0 0.0515625 0.54609375 0.02265625 0.0203125
0 0.6625 0.69453125 0.02109375 0.02734375
0 0.05703125 0.66875 0.0171875 0.01796875
0 0.97265625 0.89921875 0.015625 0.01640625
0 0.0453125 0.490625 0.0203125 0.02109375
0 0.975 0.9953125 0.0171875 0.009375
0 0.496875 0.99296875 0.01796875 0.0140625
0 0.48828125 0.37109375 0.02421875 0.025
0 0.653125 0.82734375 0.0203125 0.01484375
0 0.35390625 0.9484375 0.0234375 0.01796875
0 0.0484375 0.259375 0.01796875 0.0171875
0 0.94296875 0.28125 0.0203125 0.015625
0 0.96015625 0.48515625 0.02421875 0.0203125
0 0.3484375 0.51640625 0.01796875 0.0171875
0 0.34765625 0.99296875 0.0171875 0.0125
0 0.484375 0.1640625 0.03046875 0.0203125
0 0.64765625 0.13515625 0.021875 0.02265625
0 0.95703125 0.14765625 0.02109375 0.02578125
0 0.04609375 0.44921875 0.015625 0.01796875
0 0.95390625 0.57890625 0.02890625 0.02265625
0 0.64609375 0.02265625 0.03046875 0.02890625
0 0.0515625 0.63359375 0.02109375 0.01875
0 0.2 0.11953125 0.02421875 0.02265625
0 0.0515625 0.76640625 0.02265625 0.01796875
0 0.19609375 0.96640625 0.02109375 0.01640625
0 0.29453125 0.02265625 0.01875 0.0171875
0 0.49296875 0.19375 0.01875 0.0203125
0 0.0515625 0.7296875 0.02421875 0.02578125
0 0.19609375 0.325 0.0234375 0.02109375
0 0.0515625 0.58359375 0.02109375 0.01640625
0 0.1875 0.57890625 0.0203125 0.01484375
0 0.49140625 0.065625 0.01953125 0.01796875
0 0.05390625 0.78671875 0.01875 0.01796875
0 0.94765625 0.21171875 0.021875 0.02109375
0 0.78046875 0.0390625 0.01875 0.01796875
0 0.2015625 0.15703125 0.0203125 0.021875
0 0.340625 0.2953125 0.01796875 0.01640625
0 0.2046875 0.35 0.02421875 0.01796875
0 0.19140625 0.9 0.02265625 0.0171875
0 0.18984375 0.01171875 0.021875 0.01875
0 0.19375 0.88046875 0.02734375 0.01640625
0 0.353125 0.896875 0.0171875 0.01875
0 0.63046875 0.425 0.02109375 0.0203125
0 0.64453125 0.40390625 0.02109375 0.01640625
0 0.028125 0.9171875 0.0234375 0.01953125
0 0.4890625 0.146875 0.02265625 0.0203125
0 0.80625 0.834375 0.01953125 0.01640625
0 0.34296875 0.09375 0.0203125 0.025
0 0.64296875 0.35390625 0.01796875 0.02109375
0 0.78984375 0.37578125 0.02265625 0.0171875
0 0.80234375 0.80390625 0.02890625 0.015625
0 0.484375 0.31328125 0.01875 0.01796875
0 0.3453125 0.1625 0.0171875 0.0171875
0 0.6578125 0.60234375 0.02109375 0.021875
0 0.65234375 0.45 0.01640625 0.01640625
0 0.33984375 0.45546875 0.01875 0.01953125
0 0.65 0.7484375 0.025 0.03359375
0 0.48828125 0.23828125 0.01796875 0.01640625
0 0.20078125 0.06796875 0.02109375 0.01953125
0 0.63203125 0.51875 0.01875 0.0234375
0 0.6515625 0.5015625 0.02109375 0.0203125
0 0.3546875 0.8625 0.01875 0.01953125
0 0.63984375 0.1765625 0.0234375 0.0171875
0 0.640625 0.23515625 0.0234375 0.0171875
0 0.64609375 0.20234375 0.02109375 0.015625
0 0.04921875 0.85703125 0.021875 0.01875
0 0.2 0.81953125 0.0234375 0.02109375