0 0.79453125 0.2 0.02734375 0.03125
0 0.5109375 0.63671875 0.02734375 0.0328125
0 0.790625 0.13515625 0.028125 0.0234375
0 0.80546875 0.27890625 0.02734375 0.028125
0 0.953125 0.74296875 0.0296875 0.02890625
0 0.95078125 0.91875 0.0234375 0.02109375
0 0.50078125 0.39765625 0.02265625 0.02421875
0 0.65 0.67265625 0.03125 0.02890625
0 0.80859375 0.68203125 0.03203125 0.02734375
0 0.059375 0.45546875 0.028125 0.02109375
0 0.95703125 0.98671875 0.02265625 0.02421875
0 0.21484375 0.63125 0.02421875 0.0171875
0 0.49609375 0.32265625 0.025 0.03125
0 0.80546875 0.971875 0.025 0.02578125
0 0.196875 0.5765625 0.028125 0.02421875
0 0.95 0.94609375 0.0296875 0.02890625
0 0.0671875 0.59609375 0.02265625 0.0203125
0 0.64921875 0.01484375 0.02734375 0.02890625
0 0.51328125 0.75703125 0.02265625 0.0234375
0 0.0671875 0.765625 0.02265625 0.02421875
0 0.20859375 0.534375 0.021875 0.021875
0 0.93671875 0.0796875 0.02578125 0.0265625
0 0.36796875 0.71484375 0.02109375 0.021875
0 0.065625 0.56015625 0.0296875 0.03125
0 0.05234375 0.4265625 0.02578125 0.025
0 0.80859375 0.79609375 0.02421875 0.021875
0 0.5 0.18984375 0.02421875 0.015625
0 0.7890625 0.01015625 0.028125 0.0203125
0 0.78671875 0.04609375 0.02578125 0.03203125
0 0.36171875 0.67109375 0.02734375 0.02734375
0 0.20234375 0.4890625 0.02265625 0.0265625
0 0.9359375 0.215625 0.02890625 0.03203125
0 0.36796875 0.96875 0.02265625 0.01796875
0 0.5140625 0.8796875 0.02265625 0.0203125
0 0.4921875 0.05078125 0.021875 0.021875
0 0.1953125 0.0609375 0.02734375 0.03046875
0 0.80234375 0.321875 0.02578125 0.02578125
0 0.20234375 0.86171875 0.03046875 0.02421875
0 0.93671875 0.0265625 0.0265625 0.0234375
0 0.796875 0.228125 0.02421875 0.01796875
0 0.353125 0.0078125 0.021875 0.015625
0 0.36796875 0.9328125 0.01953125 0.025
0 0.0578125 0.040625 0.021875 0.01953125
0 0.3515625 0.5796875 0.02890625 0.021875
0 0.50546875 0.43125 0.02109375 0.0203125
0 0.80859375 0.5125 0.02265625 0.0203125
0 0.0640625 0.48359375 0.02734375 0.02734375
0 0.50625 0.95 0.01953125 0.01953125
0 0.51171875 0.84296875 0.0234375 0.0234375
0 0.20546875 0.1296875 0.0234375 0.0203125
0 0.06171875 0.07890625 0.02734375 0.02578125
0 0.215625 0.83046875 0.0265625 0.025
0 0.80546875 0.93671875 0.02578125 0.02421875
0 0.934375 0.3453125 0.0234375 0.02265625
0 0.06796875 0.87265625 0.01796875 0.01875
0 0.3546875 0.2671875 0.01953125 0.01875
0 0.65390625 0.06171875 0.028125 0.0265625
0 0.08125 0.97421875 0.02734375 0.02734375
0 0.06484375 0.92421875 0.0203125 0.0171875
0 0.51171875 0.98359375 0.02109375 0.01875
0 0.50625 0.70390625 0.0203125 0.01796875
0 0.2046875 0.3875 0.02109375 0.0203125
0 0.94296875 0.17578125 0.02421875 0.02109375
0 0.65390625 0.09609375 0.02265625 0.01640625
0 0.6578125 0.23828125 0.021875 0.0265625
0 0.65234375 0.15390625 0.02578125 0.028125
0 0.05546875 0.0109375 0.02109375 0.0203125
0 0.65703125 0.31953125 0.01953125 0.0296875
0 0.6578125 0.28046875 0.0203125 0.0203125
0 0.36015625 0.890625 0.02578125 0.0203125
0 0.94140625 0.12265625 0.03828125 0.0375
0 0.35234375 0.16640625 0.0265625 0.01640625
0 0.803125 0.8765625 0.02734375 0.03203125
0 0.66328125 0.9734375 0.02265625 0.021875
0 0.51171875 0.78125 0.01875 0.0171875
0 0.94609375 0.55859375 0.0265625 0.03984375
0 0.05625 0.20078125 0.02734375 0.02578125
0 0.215625 0.97578125 0.02265625 0.021875
0 0.65390625 0.62734375 0.0296875 0.0296875
0 0.20390625 0.34140625 0.01953125 0.0171875
0 0.3484375 0.046875 0.01953125 0.01796875
0 0.9453125 0.48125 0.0265625 0.0203125
0 0.503125 0.22109375 0.01953125 0.0140625
0 0.94140625 0.3703125 0.02421875 0.0203125
0 0.9375 0.26015625 0.02265625 0.025
0 0.21796875 0.93125 0.0234375 0.02890625
0 0.0640625 0.853125 0.021875 0.02109375
0 0.50078125 0.27109375 0.02109375 0.01953125
0 0.35234375 0.075 0.02109375 0.0203125
0 0.79765625 0.36015625 0.0234375 0.02890625
0 0.65234375 0.1234375 0.02421875 0.02265625
0 0.2171875 0.9921875 0.02109375 0.0140625
0 0.66796875 0.88671875 0.01875 0.02421875
0 0.34921875 0.12265625 0.025 0.0203125
0 0.21484375 0.6109375 0.0203125 0.02265625
0 0.50234375 0.53359375 0.02265625 0.021875
0 0.496875 0.0265625 0.01796875 0.015625
0 0.80078125 0.44140625 0.0234375 0.0234375
0 0.49765625 0.2515625 0.021875 0.01875
0 0.65703125 0.50234375 0.02734375 0.02578125
0 0.503125 0.0046875 0.021875 0.009375
0 0.21015625 0.17734375 0.02109375 0.02578125
0 0.80703125 0.75703125 0.02578125 0.02421875
0 0.20390625 0.23828125 0.02109375 0.028125
0 0.93046875 0.4375 0.01796875 0.01875
0 0.66484375 0.946875 0.01875 0.01796875
0 0.36171875 0.14140625 0.0234375 0.01875
0 0.65234375 0.76328125 0.021875 0.01953125
0 0.80625 0.53984375 0.01796875 0.01484375
0 0.346875 0.34609375 0.02265625 0.01953125
0 0.359375 0.5453125 0.01875 0.01796875
0 0.2 0.3140625 0.02578125 0.0265625
0 0.3609375 0.1921875 0.025 0.02109375
0 0.95078125 0.5140625 0.0203125 0.0203125
0 0.7921875 0.4234375 0.02109375 0.02265625
0 0.04609375 0.359375 0.0203125 0.0265625
0 0.3625 0.50390625 0.02265625 0.04375
0 0.20078125 0.740625 0.028125 0.03203125