0 0.04921875 0.709375 0.0296875 0.03125
0 0.1859375 0.02109375 0.02421875 0.021875
0 0.05234375 0.8015625 0.03515625 0.03203125
0 0.646875 0.7875 0.02578125 0.02578125
0 0.49765625 0.90859375 0.025 0.02578125
0 0.3421875 0.38984375 0.02109375 0.01953125
0 0.05234375 0.96875 0.02421875 0.02421875
0 0.20703125 0.978125 0.021875 0.02265625
0 0.646875 0.83359375 0.0203125 0.021875
0 0.49765625 0.66875 0.01640625 0.01796875
0 0.4984375 0.86796875 0.0203125 0.02109375
0 0.04375 0.12109375 0.028125 0.02578125
0 0.03984375 0.54375 0.02109375 0.01875
0 0.3453125 0.67265625 0.01796875 0.01953125
0 0.03828125 0.06796875 0.0265625 0.034375
0 0.946875 0.61328125 0.0234375 0.02265625
0 0.6375 0.9203125 0.0296875 0.01640625
0 0.04765625 0.6359375 0.025 0.021875
0 0.040625 0.2109375 0.02734375 0.02578125
0 0.18515625 0.34765625 0.02109375 0.01875
0 0.634375 0.24140625 0.02109375 0.0234375
0 0.64609375 0.70234375 0.01796875 0.01953125
0 0.78828125 0.76796875 0.02109375 0.02265625
0 0.33125 0.43671875 0.025 0.0203125
0 0.6296875 0.18828125 0.0203125 0.021875
0 0.646875 0.67421875 0.01875 0.02109375
0 0.34140625 0.584375 0.02578125 0.02421875
0 0.65 0.990625 0.025 0.01875
0 0.0515625 0.60625 0.02109375 0.0234375
0 0.77890625 0.04140625 0.01796875 0.021875
0 0.934375 0.41953125 0.01796875 0.01953125
0 0.05703125 0.3671875 0.03046875 0.02578125
0 0.48125 0.19296875 0.025 0.02265625
0 0.95 0.48203125 0.0234375 0.0234375
0 0.94921875 0.73046875 0.02265625 0.0203125
0 0.0515625 0.7578125 0.025 0.02421875
0 0.04921875 0.41640625 0.02890625 0.0375
0 0.94296875 0.825 0.0171875 0.0171875
0 0.03359375 0.159375 0.0234375 0.0234375
0 0.3359375 0.3078125 0.0234375 0.02578125
0 0.62734375 0.12578125 0.01796875 0.0203125
0 0.34140625 0.521875 0.021875 0.0234375
0 0.78203125 0.4859375 0.01796875 0.02109375
0 0.05390625 0.99453125 0.0265625 0.01015625
0 0.3390625 0.35390625 0.0234375 0.0234375
0 0.48671875 0.2359375 0.0296875 0.02109375
0 0.640625 0.64140625 0.01796875 0.01796875
0 0.65234375 0.884375 0.021875 0.025
0 0.93671875 0.37578125 0.0171875 0.0203125
0 0.78203125 0.43984375 0.02109375 0.01953125
0 0.046875 0.49296875 0.0265625 0.02890625
0 0.9390625 0.33203125 0.0203125 0.01875
0 0.92890625 0.18046875 0.01875 0.01953125
0 0.93203125 0.15078125 0.01953125 0.0203125
0 0.93515625 0.1140625 0.01484375 0.01640625
0 0.784375 0.52109375 0.01484375 0.015625
0 0.784375 0.25859375 0.015625 0.0203125
0 0.05546875 0.9140625 0.0203125 0.0203125
0 0.50234375 0.95859375 0.01953125 0.0203125
0 0.6515625 0.725 0.02109375 0.01796875
0 0.95078125 0.45625 0.021875 0.02109375
0 0.77890625 0.190625 0.01875 0.01640625
0 0.35 0.771875 0.01953125 0.01953125
0 0.32265625 0.00859375 0.01796875 0.01640625
0 0.49609375 0.4640625 0.01796875 0.01796875
0 0.7875 0.6109375 0.02265625 0.0234375
0 0.78671875 0.28515625 0.01796875 0.01875
0 0.20625 0.903125 0.02265625 0.0171875
0 0.94140625 0.05234375 0.015625 0.01328125
0 0.796875 0.5515625 0.02109375 0.01953125
0 0.9484375 0.8828125 0.0203125 0.01875
0 0.94453125 0.5546875 0.01640625 0.0140625
0 0.49609375 0.62421875 0.01640625 0.01796875
0 0.04296875 0.26796875 0.02578125 0.03515625
0 0.7859375 0.21328125 0.02109375 0.01484375
0 0.49453125 0.79296875 0.01796875 0.0171875
0 0.3265625 0.05234375 0.01875 0.01640625
0 0.9390625 0.2421875 0.01875 0.01640625
0 0.6234375 0.05078125 0.01484375 0.01640625
0 0.78203125 0.3578125 0.01796875 0.0203125
0 0.64453125 0.6140625 0.015625 0.01484375
0 0.64921875 0.27578125 0.01875 0.01953125
0 0.7796875 0.1421875 0.015625 0.01953125
0 0.78046875 0.69140625 0.01875 0.02265625
0 0.78984375 0.65390625 0.021875 0.01875
0 0.94140625 0.30390625 0.0203125 0.02109375
0 0.93828125 0.21171875 0.02109375 0.0171875
0 0.6421875 0.45078125 0.01875 0.01640625
0 0.3359375 0.096875 0.0234375 0.01640625
0 0.34296875 0.4828125 0.0171875 0.01875
0 0.79375 0.575 0.01796875 0.01484375
0 0.7859375 0.16796875 0.015625 0.0140625
0 0.49453125 0.49296875 0.02109375 0.02421875
0 0.3375 0.64140625 0.01953125 0.01328125
0 0.3375 0.72734375 0.02265625 0.01796875
0 0.19140625 0.553125 0.015625 0.0171875
0 0.50625 0.428125 0.0171875 0.01796875
0 0.48203125 0.1390625 0.02265625 0.0203125
0 0.64921875 0.47734375 0.01640625 0.01484375
0 0.33515625 0.17109375 0.01796875 0.0265625
0 0.04765625 0.5703125 0.02109375 0.01875
0 0.20234375 0.85546875 0.01796875 0.01875
0 0.5 0.51875 0.01953125 0.01796875
0 0.3546875 0.9359375 0.0203125 0.01953125
0 0.35 0.82109375 0.01953125 0.0171875
0 0.940625 0.0265625 0.01796875 0.01328125
0 0.65 0.7515625 0.01875 0.0171875
0 0.78671875 0.7953125 0.01875 0.01640625
0 0.6453125 0.56484375 0.015625 0.0140625
0 0.7796875 0.11875 0.0203125 0.01640625
0 0.34375 0.846875 0.02109375 0.01875
0 0.48125 0.0046875 0.0171875 0.009375
0 0.49140625 0.71796875 0.021875 0.021875
0 0.19296875 0.1875 0.0203125 0.01953125
0 0.1859375 0.1640625 0.025 0.02265625
0 0.628125 0.5328125 0.015625 0.0234375
0 0.64375 0.54296875 0.02109375 0.021875
0 0.62890625 0.43671875 0.0171875 0.01484375
0 0.33984375 0.2421875 0.0171875 0.01640625
0 0.95 0.93203125 0.0171875 0.015625
0 0.196875 0.65703125 0.01796875 0.0203125
0 0.18203125 0.12265625 0.025 0.01953125
0 0.49765625 0.75546875 0.01796875 0.01796875
0 0.49609375 0.5703125 0.01875 0.02109375
0 0.6359375 0.3953125 0.01640625 0.0171875
0 0.64375 0.37109375 0.015625 0.0171875
0 0.646875 0.34609375 0.01875 0.0171875
0 0.79296875 0.9484375 0.015625 0.01953125
0 0.79140625 0.84921875 0.01875 0.02109375
0 0.790625 0.41953125 0.01640625 0.0203125
0 0.9453125 0.99296875 0.0171875 0.0140625
0 0.946875 0.70625 0.01953125 0.02109375