0 0.73671875 0.8765625 0.0203125 0.02109375
0 0.1265625 0.3 0.02421875 0.02421875
0 0.7359375 0.94453125 0.0234375 0.028125
0 0.578125 0.515625 0.0203125 0.01953125
0 0.73671875 0.84609375 0.02734375 0.02734375
0 0.1234375 0.2609375 0.021875 0.02265625
0 0.59296875 0.221875 0.02109375 0.01875
0 0.73515625 0.38203125 0.01875 0.02109375
0 0.73671875 0.78203125 0.021875 0.021875
0 0.59453125 0.828125 0.0203125 0.0203125
0 0.42890625 0.24296875 0.021875 0.02421875
0 0.4390625 0.63046875 0.0203125 0.01953125
0 0.28125 0.4328125 0.021875 0.01953125
0 0.44140625 0.9078125 0.01953125 0.0203125
0 0.725 0.13203125 0.02578125 0.0296875
0 0.890625 0.8765625 0.02109375 0.02265625
0 0.43984375 0.71875 0.021875 0.0171875
0 0.7390625 0.9 0.02265625 0.01796875
0 0.12890625 0.178125 0.0203125 0.021875
0 0.446875 0.94453125 0.01953125 0.0203125
0 0.2734375 0.14140625 0.02265625 0.02578125
0 0.28046875 0.4609375 0.02265625 0.01875
0 0.890625 0.95546875 0.028125 0.025
0 0.4234375 0.2828125 0.01875 0.01796875
0 0.27578125 0.04609375 0.02265625 0.02109375
0 0.1265625 0.36640625 0.021875 0.02421875
0 0.72578125 0.053125 0.02265625 0.028125
0 0.27734375 0.0921875 0.0203125 0.02109375
0 0.5828125 0.29921875 0.02265625 0.021875
0 0.13125 0.515625 0.01875 0.02265625
0 0.440625 0.66484375 0.01953125 0.02109375
0 0.134375 0.9203125 0.0265625 0.0234375
0 0.73984375 0.9828125 0.0296875 0.02890625
0 0.4453125 0.98828125 0.021875 0.02109375
0 0.1390625 0.971875 0.01875 0.02109375
0 0.14296875 0.8859375 0.0171875 0.01640625
0 0.13515625 0.5578125 0.02109375 0.0203125
0 0.565625 0.58125 0.01640625 0.01796875
0 0.575 0.5484375 0.01875 0.01796875
0 0.6 0.9953125 0.01953125 0.009375
0 0.5953125 0.86953125 0.01953125 0.0203125
0 0.42890625 0.07890625 0.02109375 0.02109375
0 0.72890625 0.24375 0.0265625 0.028125
0 0.434375 0.56484375 0.0234375 0.0203125
0 0.1265625 0.41953125 0.0203125 0.0171875
0 0.72421875 0.1828125 0.02734375 0.02578125
0 0.88046875 0.3421875 0.01875 0.0203125
0 0.59375 0.80234375 0.01875 0.01953125
0 0.28125 0.71484375 0.0203125 0.01875
0 0.8875 0.64375 0.01796875 0.0203125
0 0.4390625 0.69453125 0.01953125 0.01953125
0 0.43515625 0.7578125 0.02109375 0.02109375
0 0.578125 0.18125 0.0234375 0.02421875
0 0.8765625 0.596875 0.0296875 0.03203125
0 0.27421875 0.575 0.02265625 0.025
0 0.7296875 0.28828125 0.0203125 0.01875
0 0.72890625 0.534375 0.0265625 0.0265625
0 0.4359375 0.86328125 0.02109375 0.01875
0 0.1140625 0.109375 0.02109375 0.01875
0 0.88203125 0.734375 0.01875 0.02890625
0 0.28203125 0.40390625 0.01796875 0.01640625
0 0.13515625 0.71875 0.0234375 0.0140625
0 0.8828125 0.6953125 0.028125 0.015625
0 0.87734375 0.8234375 0.02265625 0.01953125
0 0.88671875 0.309375 0.0171875 0.01640625
0 0.28671875 0.98125 0.01640625 0.0171875
0 0.5890625 0.45546875 0.02109375 0.02265625
0 0.1140625 0.02109375 0.02421875 0.0140625
0 0.13515625 0.82265625 0.015625 0.01484375
0 0.878125 0.12578125 0.01875 0.02109375
0 0.72890625 0.33671875 0.01875 0.03125
0 0.12265625 0.078125 0.02265625 0.01640625
0 0.29296875 0.946875 0.01875 0.01953125
0 0.14296875 0.85 0.01875 0.0265625
0 0.28203125 0.69140625 0.01796875 0.01953125
0 0.73203125 0.56875 0.01796875 0.0171875
0 0.42421875 0.16796875 0.01640625 0.0171875
0 0.4328125 0.42734375 0.01953125 0.0171875
0 0.4328125 0.39140625 0.0171875 0.02734375
0 0.73515625 0.60546875 0.028125 0.015625
0 0.41640625 0.03828125 0.01875 0.01640625
0 0.73125 0.46640625 0.01875 0.01875
0 0.42109375 0.3140625 0.01796875 0.0171875
0 0.57890625 0.15234375 0.01640625 0.0171875
0 0.29140625 0.92265625 0.01875 0.01796875
0 0.2828125 0.73515625 0.03125 0.025
0 0.2875 0.89609375 0.01875 0.01640625
0 0.4265625 0.13046875 0.01953125 0.02265625
0 0.13515625 0.62265625 0.0234375 0.02265625
0 0.1296875 0.44765625 0.02421875 0.01640625
0 0.584375 0.03671875 0.0203125 0.025
0 0.87578125 0.21953125 0.0203125 0.015625
0 0.86875 0.0390625 0.021875 0.01796875
0 0.8890625 0.15546875 0.0203125 0.015625
0 0.2828125 0.88046875 0.01953125 0.01328125
0 0.28671875 0.66484375 0.01640625 0.01796875
0 0.27578125 0.621875 0.01796875 0.02109375
0 0.26171875 0.48671875 0.01640625 0.015625
0 0.903125 0.99609375 0.0203125 0.0078125
0 0.5921875 0.91484375 0.0203125 0.021875
0 0.734375 0.48671875 0.01796875 0.015625
0 0.59609375 0.95 0.01875 0.0171875
0 0.440625 0.58125 0.01875 0.01484375
0 0.43828125 0.78984375 0.01953125 0.0203125
0 0.14140625 0.78671875 0.01875 0.01953125
0 0.5875 0.08671875 0.02109375 0.02109375
0 0.12578125 0.04765625 0.02109375 0.01640625
0 0.87109375 0.08046875 0.02421875 0.0203125
0 0.5828125 0.1265625 0.0171875 0.01953125
0 0.58203125 0.41171875 0.02421875 0.01875
0 0.58984375 0.603125 0.01640625 0.0203125
0 0.884375 0.43359375 0.0171875 0.0171875
0 0.434375 0.49375 0.0171875 0.01875
0 0.28125 0.86171875 0.01796875 0.01640625
0 0.26015625 0.2453125 0.01796875 0.021875
0 0.7375 0.65 0.0296875 0.02109375