0 0.11875 0.271875 0.02890625 0.03046875
0 0.27578125 0.81875 0.0234375 0.02421875
0 0.12734375 0.759375 0.01953125 0.0203125
0 0.12421875 0.63203125 0.0234375 0.02734375
0 0.71640625 0.47890625 0.028125 0.0265625
0 0.275 0.78671875 0.028125 0.02421875
0 0.125 0.6859375 0.021875 0.0296875
0 0.27734375 0.85390625 0.021875 0.02265625
0 0.128125 0.3796875 0.01875 0.01875
0 0.12734375 0.57890625 0.0234375 0.02890625
0 0.72578125 0.8640625 0.0234375 0.01875
0 0.1109375 0.0421875 0.0234375 0.021875
0 0.42578125 0.234375 0.02265625 0.02109375
0 0.13671875 0.98515625 0.0203125 0.02265625
0 0.7171875 0.28046875 0.02265625 0.021875
0 0.27734375 0.984375 0.01796875 0.02109375
0 0.4203125 0.0484375 0.02421875 0.02265625
0 0.41953125 0.925 0.01875 0.01796875
0 0.42890625 0.89609375 0.02421875 0.02578125
0 0.27265625 0.5125 0.03203125 0.0171875
0 0.41953125 0.13359375 0.0234375 0.02265625
0 0.27734375 0.88828125 0.02265625 0.02578125
0 0.7203125 0.5203125 0.02109375 0.01796875
0 0.5734375 0.0765625 0.01875 0.0203125
0 0.87890625 0.52109375 0.01953125 0.01875
0 0.1203125 0.3515625 0.0171875 0.015625
0 0.7125 0.05 0.0203125 0.01953125
0 0.725 0.98984375 0.025 0.0203125
0 0.4234375 0.45390625 0.0234375 0.01875
0 0.12265625 0.16484375 0.01875 0.01640625
0 0.278125 0.74453125 0.021875 0.01796875
0 0.44296875 0.925 0.02109375 0.02265625
0 0.1265625 0.83125 0.01953125 0.0140625
0 0.42734375 0.51484375 0.01953125 0.0203125
0 0.1203125 0.31640625 0.01796875 0.02421875
0 0.72734375 0.35859375 0.02265625 0.02265625
0 0.12265625 0.409375 0.01640625 0.02109375
0 0.7203125 0.95 0.01796875 0.01640625
0 0.12421875 0.23125 0.01875 0.0203125
0 0.12734375 0.78671875 0.01875 0.01875
0 0.42265625 0.1921875 0.0203125 0.025
0 0.715625 0.01015625 0.028125 0.0203125
0 0.42734375 0.821875 0.02421875 0.01875
0 0.5703125 0.52109375 0.02109375 0.01796875
0 0.56953125 0.49453125 0.0203125 0.01953125
0 0.87578125 0.5515625 0.01953125 0.01875
0 0.2796875 0.9359375 0.01796875 0.02109375
0 0.42734375 0.8046875 0.028125 0.021875
0 0.578125 0.440625 0.0203125 0.02109375
0 0.8671875 0.09375 0.0203125 0.02109375
0 0.271875 0.46015625 0.0171875 0.021875
0 0.87109375 0.6265625 0.0171875 0.0203125
0 0.8828125 0.5953125 0.01953125 0.0203125
0 0.56640625 0.05078125 0.01953125 0.0203125
0 0.7140625 0.02734375 0.025 0.0140625
0 0.41015625 0.00625 0.0171875 0.01171875
0 0.4296875 0.55 0.01796875 0.01796875
0 0.87734375 0.49296875 0.0203125 0.01796875
0 0.57578125 0.36796875 0.01953125 0.015625
0 0.571875 0.29921875 0.01875 0.03125
0 0.8765625 0.3546875 0.01875 0.01875
0 0.434375 0.39296875 0.02421875 0.015625
0 0.87109375 0.76640625 0.01875 0.01484375
0 0.4203125 0.090625 0.01640625 0.015625
0 0.87109375 0.1703125 0.0171875 0.01953125
0 0.265625 0.01015625 0.02578125 0.01875
0 0.71484375 0.571875 0.02421875 0.02109375
0 0.41796875 0.33125 0.015625 0.02109375
0 0.59453125 0.96484375 0.01953125 0.02265625
0 0.7171875 0.61640625 0.02109375 0.02890625
0 0.5765625 0.85703125 0.02109375 0.028125
0 0.70703125 0.6890625 0.0203125 0.03359375
0 0.72734375 0.69296875 0.01640625 0.0265625
0 0.11953125 0.45 0.01875 0.01953125
0 0.56875 0.26328125 0.0171875 0.01796875
0 0.43984375 0.4203125 0.01875 0.0140625
0 0.73359375 0.92421875 0.015625 0.01875
0 0.86953125 0.44375 0.01953125 0.0171875
0 0.43046875 0.75703125 0.0203125 0.01875
0 0.72109375 0.15234375 0.01796875 0.0171875
0 0.42734375 0.36953125 0.01875 0.01796875
0 0.13515625 0.8890625 0.0234375 0.03125
0 0.57421875 0.2265625 0.0203125 0.01640625
0 0.26875 0.56171875 0.03046875 0.0203125
0 0.87578125 0.40234375 0.0203125 0.015625
0 0.58125 0.4578125 0.01953125 0.0171875
0 0.865625 0.2109375 0.01875 0.0296875
0 0.8734375 0.95703125 0.01484375 0.01328125
0 0.565625 0.1234375 0.02421875 0.01953125
0 0.575 0.8859375 0.01953125 0.01796875
0 0.275 0.21484375 0.01796875 0.015625
0 0.72421875 0.64140625 0.01796875 0.0171875
0 0.2796875 0.64140625 0.01953125 0.0328125
0 0.28046875 0.36875 0.01953125 0.02265625
0 0.4234375 0.2140625 0.0203125 0.01953125
0 0.2734375 0.33515625 0.01953125 0.02109375
0 0.11953125 0.07890625 0.021875 0.01875
0 0.57109375 0.6359375 0.0203125 0.02578125
0 0.87421875 0.74453125 0.0203125 0.01796875
0 0.88515625 0.6984375 0.02421875 0.01796875
0 0.7234375 0.76796875 0.01875 0.021875
0 0.284375 0.5328125 0.02109375 0.0171875