0 0.78515625 0.90390625 0.025 0.0296875
0 0.09140625 0.58359375 0.0203125 0.0265625
0 0.26953125 0.628125 0.02109375 0.021875
0 0.95546875 0.62109375 0.02421875 0.02265625
0 0.2703125 0.42109375 0.01953125 0.02109375
0 0.2765625 0.590625 0.02421875 0.0203125
0 0.425 0.64375 0.02109375 0.0171875
0 0.42578125 0.3046875 0.02265625 0.02265625
0 0.08828125 0.3765625 0.025 0.0359375
0 0.415625 0.2734375 0.034375 0.02109375
0 0.275 0.67265625 0.0265625 0.025
0 0.77265625 0.18828125 0.03359375 0.02734375
0 0.41640625 0.2140625 0.01796875 0.01640625
0 0.77734375 0.4578125 0.025 0.02734375
0 0.090625 0.5125 0.0203125 0.0171875
0 0.1 0.95234375 0.0328125 0.0265625
0 0.775 0.1359375 0.0265625 0.021875
0 0.0921875 0.5453125 0.01875 0.02109375
0 0.09140625 0.75390625 0.034375 0.02734375
0 0.43828125 0.71484375 0.02890625 0.0375
0 0.0796875 0.8640625 0.02109375 0.02265625
0 0.103125 0.8265625 0.021875 0.02265625
0 0.27265625 0.5140625 0.0296875 0.028125
0 0.94453125 0.315625 0.01875 0.01953125
0 0.94609375 0.27890625 0.0234375 0.0234375
0 0.95078125 0.73515625 0.02265625 0.021875
0 0.7765625 0.6140625 0.02421875 0.0265625
0 0.109375 0.89296875 0.02109375 0.01953125
0 0.07890625 0.14609375 0.028125 0.02421875
0 0.95234375 0.775 0.03125 0.0203125
0 0.596875 0.08046875 0.0203125 0.01953125
0 0.78046875 0.9875 0.0265625 0.025
0 0.08359375 0.02890625 0.02421875 0.0265625
0 0.78671875 0.68203125 0.02109375 0.0234375
0 0.7828125 0.946875 0.02578125 0.0296875
0 0.77734375 0.3671875 0.02578125 0.02109375
0 0.2703125 0.33359375 0.021875 0.021875
0 0.934375 0.2265625 0.0234375 0.01875
0 0.271875 0.9859375 0.02890625 0.02421875
0 0.42578125 0.0078125 0.02109375 0.015625
0 0.771875 0.21875 0.03046875 0.02421875
0 0.0828125 0.0796875 0.02109375 0.0171875
0 0.09140625 0.296875 0.02734375 0.0203125
0 0.93828125 0.15390625 0.03125 0.0234375
0 0.61015625 0.6578125 0.028125 0.02109375
0 0.2515625 0.01484375 0.03203125 0.0265625
0 0.42109375 0.17265625 0.02734375 0.02578125
0 0.2859375 0.87109375 0.015625 0.015625
0 0.43203125 0.54296875 0.02109375 0.021875
0 0.2796875 0.94140625 0.01953125 0.0171875
0 0.94140625 0.34921875 0.025 0.02109375
0 0.43828125 0.82890625 0.02890625 0.015625
0 0.765625 0.09296875 0.0265625 0.01796875
0 0.43671875 0.8859375 0.03515625 0.02109375
0 0.6078125 0.428125 0.02734375 0.02265625
0 0.7734375 0.28359375 0.02265625 0.02421875
0 0.93671875 0.03203125 0.01875 0.0203125
0 0.7828125 0.86484375 0.01953125 0.01953125
0 0.09375 0.65703125 0.02265625 0.028125
0 0.95546875 0.9265625 0.01953125 0.01796875
0 0.26875 0.178125 0.03203125 0.0375
0 0.28671875 0.7453125 0.01953125 0.01796875
0 0.1078125 0.85703125 0.02109375 0.0234375
0 0.940625 0.01015625 0.01953125 0.0203125
0 0.95 0.96796875 0.01875 0.01796875
0 0.25859375 0.2859375 0.02734375 0.02265625
0 0.78515625 0.83359375 0.0265625 0.02734375
0 0.09453125 0.69296875 0.02109375 0.02265625
0 0.4390625 0.96953125 0.02421875 0.01484375
0 0.61015625 0.6796875 0.021875 0.015625
0 0.6078125 0.45703125 0.02265625 0.02421875
0 0.5953125 0.02578125 0.01875 0.01640625
0 0.4453125 0.9953125 0.01796875 0.00859375
0 0.26171875 0.48984375 0.03046875 0.0234375
0 0.6015625 0.90390625 0.01875 0.02109375
0 0.940625 0.1984375 0.02421875 0.0265625
0 0.6015625 0.26171875 0.0234375 0.02109375
0 0.43515625 0.57421875 0.0171875 0.0140625
0 0.440625 0.84765625 0.021875 0.0203125
0 0.60078125 0.16796875 0.01953125 0.021875
0 0.271875 0.21328125 0.025 0.01796875
0 0.9296875 0.1328125 0.02578125 0.02265625
0 0.603125 0.22265625 0.02890625 0.03125
0 0.61171875 0.97734375 0.02109375 0.021875
0 0.61171875 0.95078125 0.01796875 0.01640625
0 0.60625 0.93046875 0.0171875 0.01484375
0 0.77578125 0.7703125 0.0265625 0.03046875
0 0.78359375 0.73046875 0.021875 0.0234375
0 0.775 0.80390625 0.025 0.01796875
0 0.27421875 0.85078125 0.0171875 0.01953125
0 0.4109375 0.709375 0.0234375 0.02265625
0 0.6046875 0.628125 0.03203125 0.02109375
0 0.9453125 0.8640625 0.028125 0.02734375
0 0.596875 0.60390625 0.01953125 0.01484375
0 0.603125 0.84140625 0.0390625 0.02890625
0 0.60234375 0.79765625 0.0171875 0.025