0 0.6390625 0.38984375 0.0265625 0.025
0 0.628125 0.82421875 0.0234375 0.02265625
0 0.33125 0.78125 0.021875 0.02421875
0 0.646875 0.34140625 0.025 0.0265625
0 0.3546875 0.05078125 0.02734375 0.02109375
0 0.62734375 0.9 0.0234375 0.02734375
0 0.04453125 0.50703125 0.02109375 0.021875
0 0.790625 0.3484375 0.02265625 0.02421875
0 0.35234375 0.08203125 0.025 0.0234375
0 0.325 0.8203125 0.01953125 0.01796875
0 0.49375 0.23125 0.0203125 0.0203125
0 0.490625 0.1671875 0.01875 0.01953125
0 0.93203125 0.4828125 0.01875 0.01796875
0 0.340625 0.2859375 0.02265625 0.021875
0 0.93515625 0.615625 0.01875 0.02109375
0 0.34140625 0.35546875 0.021875 0.02421875
0 0.0296875 0.9640625 0.0265625 0.0203125
0 0.92890625 0.81015625 0.01796875 0.01796875
0 0.62421875 0.85546875 0.0234375 0.0234375
0 0.05625 0.14609375 0.0203125 0.021875
0 0.78828125 0.38359375 0.02734375 0.028125
0 0.06015625 0.271875 0.01875 0.0171875
0 0.77265625 0.8453125 0.021875 0.01796875
0 0.94609375 0.1828125 0.0203125 0.01953125
0 0.8046875 0.009375 0.02265625 0.01875
0 0.915625 0.99296875 0.021875 0.0140625
0 0.9265625 0.840625 0.01796875 0.0203125
0 0.79765625 0.19296875 0.02265625 0.02109375
0 0.04921875 0.35546875 0.025 0.0140625
0 0.65 0.30390625 0.01875 0.0203125
0 0.7921875 0.27578125 0.01875 0.0203125
0 0.93359375 0.71328125 0.02265625 0.02109375
0 0.92734375 0.78359375 0.01796875 0.01875
0 0.78828125 0.4328125 0.02421875 0.03046875
0 0.178125 0.97265625 0.0203125 0.02109375
0 0.9359375 0.57734375 0.01796875 0.01640625
0 0.02109375 0.81953125 0.01875 0.015625
0 0.353125 0.0078125 0.021875 0.015625
0 0.1828125 0.7765625 0.028125 0.021875
0 0.334375 0.459375 0.02578125 0.0203125
0 0.93828125 0.09765625 0.01796875 0.01875
0 0.18359375 0.846875 0.0234375 0.0296875
0 0.32578125 0.8890625 0.0203125 0.01953125
0 0.64609375 0.2359375 0.02109375 0.0234375
0 0.9328125 0.53828125 0.01953125 0.01875
0 0.7875 0.2171875 0.025 0.01484375
0 0.4703125 0.98359375 0.01953125 0.03125
0 0.33203125 0.69375 0.01875 0.0203125
0 0.9546875 0.0125 0.02421875 0.025
0 0.62578125 0.7453125 0.02109375 0.03203125
0 0.48125 0.7375 0.01953125 0.03125
0 0.7765625 0.87109375 0.02265625 0.01875
0 0.63125 0.528125 0.01875 0.02265625
0 0.9234375 0.9515625 0.02109375 0.02265625
0 0.05234375 0.29609375 0.02265625 0.02265625
0 0.05 0.334375 0.02265625 0.01875
0 0.80390625 0.0390625 0.01953125 0.01953125
0 0.78125 0.60703125 0.0171875 0.01640625
0 0.65546875 0.01015625 0.02265625 0.01953125
0 0.78359375 0.54609375 0.01875 0.0234375
0 0.3234375 0.9234375 0.02265625 0.01640625
0 0.9265625 0.68984375 0.02265625 0.01796875
0 0.79765625 0.08359375 0.01875 0.01875
0 0.47734375 0.7765625 0.025 0.01875
0 0.4765625 0.81328125 0.0203125 0.0234375
0 0.3453125 0.23046875 0.01953125 0.02578125
0 0.9609375 0.13203125 0.0203125 0.021875
0 0.66171875 0.06953125 0.0171875 0.01796875
0 0.7953125 0.165625 0.01875 0.0296875
0 0.79609375 0.12890625 0.0171875 0.01640625
0 0.32578125 0.99140625 0.01796875 0.01640625
0 0.77421875 0.9109375 0.021875 0.02421875
0 0.64921875 0.03203125 0.025 0.021875
0 0.33671875 0.421875 0.01953125 0.021875
0 0.63359375 0.4765625 0.02109375 0.01875
0 0.35 0.19609375 0.02109375 0.0203125
0 0.76953125 0.81484375 0.02265625 0.01484375
0 0.47734375 0.409375 0.021875 0.0265625
0 0.78515625 0.48671875 0.02421875 0.02578125
0 0.78515625 0.58203125 0.0171875 0.01640625
0 0.05625 0.23515625 0.01875 0.01953125
0 0.3328125 0.59296875 0.02421875 0.01796875
0 0.63984375 0.496875 0.01953125 0.01796875
0 0.3359375 0.7296875 0.01875 0.0171875
0 0.0375 0.759375 0.0234375 0.021875
0 0.49140625 0.06171875 0.03359375 0.0296875
0 0.77890625 0.7609375 0.01953125 0.01875
0 0.2046875 0.4921875 0.01953125 0.0171875
0 0.190625 0.75078125 0.0203125 0.01796875
0 0.47265625 0.61640625 0.0203125 0.01875
0 0.49375 0.1328125 0.01796875 0.01796875
0 0.46015625 0.7328125 0.02265625 0.01796875
0 0.4796875 0.69765625 0.021875 0.02421875
0 0.35234375 0.1390625 0.0203125 0.01953125
0 0.21875 0.01328125 0.02265625 0.021875
0 0.1859375 0.934375 0.01875 0.01953125
0 0.20234375 0.1703125 0.021875 0.02421875
0 0.9453125 0.24765625 0.01953125 0.01953125
0 0.49375 0.02265625 0.0203125 0.02109375
0 0.471875 0.90078125 0.0171875 0.0234375
0 0.4703125 0.87890625 0.0203125 0.0203125
0 0.47265625 0.84453125 0.02265625 0.01640625
0 0.475 0.58125 0.025 0.01875
0 0.6375 0.57265625 0.0234375 0.0234375
0 0.18125 0.89765625 0.01796875 0.02109375
0 0.7640625 0.934375 0.021875 0.01484375
0 0.91875 0.89765625 0.0234375 0.02265625
0 0.19765625 0.2359375 0.01796875 0.01875
0 0.20390625 0.29375 0.03359375 0.01796875
0 0.1921875 0.5984375 0.01953125 0.0171875
0 0.20390625 0.56328125 0.021875 0.01796875
0 0.78125 0.68359375 0.01953125 0.02421875
0 0.478125 0.48125 0.02734375 0.03984375
0 0.48671875 0.30078125 0.02109375 0.02578125
0 0.20625 0.05390625 0.0265625 0.01875
0 0.63125 0.71484375 0.028125 0.025
0 0.203125 0.37890625 0.0203125 0.02109375
0 0.9375 0.31796875 0.02109375 0.0234375