0 0.3578125 0.7109375 0.03046875 0.021875
0 0.51328125 0.49609375 0.02109375 0.0171875
0 0.353125 0.1828125 0.025 0.0234375
0 0.0609375 0.22578125 0.0203125 0.021875
0 0.065625 0.63203125 0.034375 0.034375
0 0.8078125 0.0234375 0.03046875 0.028125
0 0.67421875 0.9078125 0.02578125 0.0234375
0 0.50859375 0.56875 0.01953125 0.02109375
0 0.35546875 0.1 0.025 0.02578125
0 0.065625 0.36875 0.02109375 0.02265625
0 0.225 0.62421875 0.0234375 0.0234375
0 0.0671875 0.43515625 0.02109375 0.02578125
0 0.51796875 0.9578125 0.02265625 0.0265625
0 0.2171875 0.6703125 0.021875 0.02421875
0 0.06328125 0.28203125 0.021875 0.0203125
0 0.50703125 0.6578125 0.0296875 0.02578125
0 0.0578125 0.4 0.02109375 0.0203125
0 0.5078125 0.46875 0.0171875 0.0171875
0 0.2078125 0.48203125 0.0234375 0.04140625
0 0.06796875 0.46796875 0.01953125 0.02265625
0 0.8203125 0.5828125 0.0203125 0.01953125
0 0.67421875 0.86640625 0.0203125 0.0203125
0 0.21796875 0.59765625 0.02578125 0.0203125
0 0.3671875 0.13203125 0.02421875 0.0265625
0 0.509375 0.5375 0.01953125 0.02265625
0 0.67265625 0.56640625 0.0203125 0.02421875
0 0.82421875 0.6109375 0.021875 0.01953125
0 0.51015625 0.421875 0.02421875 0.02265625
0 0.51953125 0.82734375 0.0171875 0.01953125
0 0.503125 0.0296875 0.021875 0.02421875
0 0.071875 0.74453125 0.03046875 0.04921875
0 0.94140625 0.90859375 0.01484375 0.01640625
0 0.66796875 0.95546875 0.01796875 0.0203125
0 0.06953125 0.59765625 0.02890625 0.0203125
0 0.36640625 0.75078125 0.03125 0.02421875
0 0.81484375 0.6625 0.0203125 0.0203125
0 0.0671875 0.9421875 0.021875 0.021875
0 0.8203125 0.54453125 0.02109375 0.02421875
0 0.36875 0.27265625 0.0234375 0.02890625
0 0.209375 0.29609375 0.0203125 0.02109375
0 0.95078125 0.59296875 0.01953125 0.021875
0 0.82421875 0.71171875 0.01953125 0.0203125
0 0.37265625 0.4546875 0.0171875 0.0203125
0 0.06171875 0.14296875 0.01953125 0.0203125
0 0.66953125 0.446875 0.02109375 0.02421875
0 0.94296875 0.2109375 0.01796875 0.02265625
0 0.0484375 0.34453125 0.01953125 0.01953125
0 0.0625 0.33125 0.01796875 0.0265625
0 0.50859375 0.2671875 0.02578125 0.01796875
0 0.49921875 0.23828125 0.025 0.01484375
0 0.5109375 0.146875 0.0203125 0.0171875
0 0.36796875 0.5078125 0.025 0.0234375
0 0.075 0.9703125 0.01875 0.01796875
0 0.2171875 0.54140625 0.02109375 0.01796875
0 0.95078125 0.5140625 0.021875 0.02109375
0 0.071875 0.99453125 0.01640625 0.01015625
0 0.21171875 0.33671875 0.0265625 0.02578125
0 0.50234375 0.1171875 0.02734375 0.021875
0 0.9578125 0.40625 0.025 0.0234375
0 0.36953125 0.5890625 0.025 0.02421875
0 0.6734375 0.74296875 0.021875 0.01796875
0 0.66484375 0.17421875 0.025 0.01875
0 0.365625 0.34765625 0.0203125 0.01953125
0 0.94453125 0.18203125 0.01640625 0.01640625
0 0.07265625 0.85 0.0234375 0.02265625
0 0.6609375 0.25625 0.0171875 0.0203125
0 0.21484375 0.7234375 0.021875 0.02109375
0 0.8078125 0.0625 0.02265625 0.02734375
0 0.3765625 0.8421875 0.025 0.0234375
0 0.6671875 0.39140625 0.01796875 0.01796875
0 0.8265625 0.740625 0.015625 0.0140625
0 0.82578125 0.49140625 0.01875 0.01953125
0 0.2140625 0.74296875 0.025 0.01484375
0 0.5140625 0.44765625 0.0203125 0.01796875
0 0.9484375 0.46640625 0.02265625 0.03203125
0 0.0578125 0.17421875 0.01953125 0.021875
0 0.22109375 0.91640625 0.01875 0.0140625
0 0.9640625 0.94921875 0.0234375 0.0171875
0 0.50546875 0.31953125 0.0296875 0.02578125
0 0.221875 0.9390625 0.02109375 0.015625
0 0.66796875 0.81328125 0.025 0.02109375
0 0.2109375 0.8796875 0.0171875 0.015625
0 0.07578125 0.89921875 0.0234375 0.0203125
0 0.9421875 0.878125 0.01796875 0.01328125
0 0.665625 0.53046875 0.02265625 0.01796875
0 0.6578125 0.01015625 0.02109375 0.01953125
0 0.95078125 0.02421875 0.01953125 0.0171875
0 0.07265625 0.78671875 0.01953125 0.01796875
0 0.81953125 0.9796875 0.02421875 0.0359375
0 0.94296875 0.25390625 0.01640625 0.0171875
0 0.05859375 0.1125 0.01875 0.01875
0 0.53125 0.77109375 0.021875 0.0203125
0 0.9421875 0.84296875 0.01640625 0.01328125
0 0.20390625 0.00703125 0.0265625 0.0140625
0 0.05859375 0.56796875 0.01953125 0.028125
0 0.9484375 0.3203125 0.01796875 0.01796875
0 0.8109375 0.2953125 0.0265625 0.021875
0 0.221875 0.99609375 0.01796875 0.0078125
0 0.20703125 0.10078125 0.0171875 0.01875
0 0.50859375 0.715625 0.02265625 0.02265625
0 0.81015625 0.35234375 0.02578125 0.025
0 0.21484375 0.3796875 0.01875 0.021875
0 0.66796875 0.65078125 0.0265625 0.02109375
0 0.2125 0.27578125 0.01796875 0.01796875
0 0.95 0.38046875 0.0203125 0.01875
0 0.9515625 0.62109375 0.0171875 0.0125
0 0.82734375 0.8640625 0.02109375 0.01875
0 0.0609375 0.078125 0.0234375 0.02265625
0 0.67421875 0.9359375 0.01796875 0.015625
0 0.0578125 0.09375 0.01875 0.01640625
0 0.81171875 0.32578125 0.01875 0.01640625
0 0.21328125 0.85859375 0.01953125 0.02109375
0 0.66796875 0.71328125 0.015625 0.015625
0 0.378125 0.64609375 0.025 0.025
0 0.6625 0.36171875 0.0296875 0.02265625
0 0.353125 0.39765625 0.025 0.021875
0 0.66796875 0.6859375 0.01953125 0.01953125
0 0.80859375 0.43359375 0.02109375 0.02109375
0 0.94765625 0.68671875 0.0171875 0.02421875
0 0.2203125 0.50390625 0.02109375 0.02421875
0 0.66484375 0.08515625 0.01484375 0.0171875
0 0.2109375 0.7953125 0.0234375 0.01953125