0 0.66015625 0.49609375 0.0328125 0.03046875
0 0.66328125 0.4578125 0.028125 0.0234375
0 0.50078125 0.15234375 0.040625 0.0390625
0 0.3625 0.32265625 0.0359375 0.0390625
0 0.3484375 0.06640625 0.03828125 0.03671875
0 0.515625 0.9703125 0.0359375 0.034375
0 0.66640625 0.67578125 0.03203125 0.0234375
0 0.65859375 0.43203125 0.02890625 0.0265625
0 0.65703125 0.121875 0.03203125 0.03125
0 0.65234375 0.20859375 0.02890625 0.03203125
0 0.5078125 0.634375 0.0375 0.040625
0 0.8078125 0.2921875 0.034375 0.0328125
0 0.5109375 0.853125 0.02578125 0.02578125
0 0.8140625 0.8703125 0.0328125 0.03359375
0 0.35078125 0.11171875 0.03203125 0.02890625
0 0.375 0.95390625 0.02734375 0.02890625
0 0.653125 0.07578125 0.03359375 0.03828125
0 0.5015625 0.31015625 0.034375 0.03125
0 0.66640625 0.59765625 0.03125 0.0234375
0 0.815625 0.459375 0.0265625 0.03359375
0 0.0703125 0.89765625 0.0265625 0.02734375
0 0.5046875 0.403125 0.034375 0.0359375
0 0.509375 0.5796875 0.0453125 0.0328125
0 0.35859375 0.434375 0.03125 0.0328125
0 0.96640625 0.74453125 0.021875 0.0265625
0 0.80546875 0.54140625 0.02578125 0.0296875
0 0.37265625 0.91953125 0.03046875 0.0328125
0 0.4984375 0.05078125 0.03046875 0.03203125
0 0.66328125 0.390625 0.028125 0.02890625
0 0.37109375 0.78984375 0.03359375 0.03359375
0 0.953125 0.07421875 0.028125 0.025
0 0.3515625 0.01328125 0.034375 0.0265625
0 0.35234375 0.3609375 0.02734375 0.02734375
0 0.8125 0.49375 0.02578125 0.02421875
0 0.359375 0.7421875 0.03125 0.0328125
0 0.6640625 0.528125 0.0265625 0.03125
0 0.5046875 0.21640625 0.0359375 0.03203125
0 0.3515625 0.57109375 0.02421875 0.0265625
0 0.203125 0.50625 0.03515625 0.0359375
0 0.96484375 0.63828125 0.02265625 0.02578125
0 0.05390625 0.1421875 0.02421875 0.025
0 0.66171875 0.5671875 0.025 0.02265625
0 0.66640625 0.64609375 0.02578125 0.02578125
0 0.35546875 0.2078125 0.02578125 0.025
0 0.81171875 0.80546875 0.025 0.02265625
0 0.95546875 0.2921875 0.0234375 0.02578125
0 0.821875 0.90703125 0.02734375 0.02265625
0 0.35546875 0.159375 0.02734375 0.0296875
0 0.36171875 0.2578125 0.03046875 0.0296875
0 0.9625 0.33125 0.0265625 0.028125
0 0.8140625 0.7625 0.0359375 0.0375
0 0.6546875 0.159375 0.0265625 0.0234375
0 0.6546875 0.3453125 0.02734375 0.03515625
0 0.07890625 0.8359375 0.02109375 0.01875
0 0.6625 0.77734375 0.0265625 0.03046875
0 0.8140625 0.828125 0.0234375 0.02109375
0 0.065625 0.215625 0.02578125 0.0328125
0 0.5125 0.80078125 0.0265625 0.02578125
0 0.509375 0.896875 0.028125 0.02890625
0 0.65390625 0.2921875 0.02421875 0.025
0 0.9703125 0.59375 0.021875 0.025
0 0.96796875 0.49765625 0.02421875 0.0296875
0 0.06484375 0.4515625 0.02265625 0.0234375
0 0.37265625 0.6375 0.028125 0.0296875
0 0.5015625 0.096875 0.02734375 0.0296875
0 0.8078125 0.21328125 0.02890625 0.04453125
0 0.3625 0.534375 0.0296875 0.02421875
0 0.065625 0.49453125 0.02421875 0.02265625
0 0.8171875 0.61484375 0.02578125 0.02578125
0 0.96953125 0.45078125 0.0265625 0.02265625
0 0.659375 0.24140625 0.02421875 0.01953125
0 0.80625 0.36171875 0.03359375 0.02578125
0 0.19140625 0.35546875 0.021875 0.02421875
0 0.06640625 0.35 0.02265625 0.01875
0 0.3578125 0.50390625 0.03046875 0.02890625
0 0.06484375 0.97109375 0.01875 0.01640625
0 0.9546875 0.1234375 0.0296875 0.025
0 0.96953125 0.96015625 0.02265625 0.02109375
0 0.66171875 0.74453125 0.025 0.025
0 0.36796875 0.471875 0.025 0.02265625
0 0.953125 0.24453125 0.01953125 0.01953125
0 0.51171875 0.52109375 0.025 0.02578125
0 0.365625 0.83203125 0.021875 0.02265625
0 0.66484375 0.89921875 0.02109375 0.01953125
0 0.9671875 0.41484375 0.028125 0.0375
0 0.7890625 0.0328125 0.03515625 0.03125
0 0.66328125 0.93359375 0.02578125 0.0203125
0 0.97578125 0.90625 0.021875 0.0234375
0 0.9484375 0.0046875 0.028125 0.009375
0 0.0453125 0.01953125 0.03125 0.02578125
0 0.81640625 0.64453125 0.02734375 0.02734375
0 0.975 0.99140625 0.0234375 0.01640625
0 0.821875 0.93984375 0.0296875 0.025
0 0.06796875 0.92734375 0.01796875 0.01953125
0 0.9484375 0.0265625 0.02421875 0.025
0 0.2109375 0.965625 0.02578125 0.01953125
0 0.81328125 0.57265625 0.025 0.02734375
0 0.96953125 0.8015625 0.02890625 0.0234375
0 0.065625 0.546875 0.03125 0.025
0 0.20625 0.18671875 0.028125 0.025
0 0.20859375 0.6109375 0.0296875 0.03984375
0 0.209375 0.23984375 0.0203125 0.01953125
0 0.9515625 0.19375 0.021875 0.025
0 0.5078125 0.3375 0.02421875 0.0203125
0 0.365625 0.7015625 0.02265625 0.03359375
0 0.8171875 0.69765625 0.025 0.02734375
0 0.95234375 0.1515625 0.0265625 0.0265625
0 0.5109375 0.91875 0.02578125 0.021875
0 0.8046875 0.38828125 0.02421875 0.0234375
0 0.64609375 0.00546875 0.0265625 0.0109375
0 0.05390625 0.1765625 0.021875 0.02421875
0 0.2109375 0.66875 0.03359375 0.03046875
0 0.98125 0.93515625 0.02578125 0.02265625
0 0.20859375 0.30078125 0.028125 0.0171875
0 0.20234375 0.27578125 0.034375 0.03046875
0 0.20859375 0.2078125 0.01875 0.01484375
0 0.2171875 0.98828125 0.02578125 0.0234375
0 0.6640625 0.82265625 0.02578125 0.02265625
0 0.2234375 0.9359375 0.02578125 0.025
0 0.5125 0.7171875 0.02265625 0.02265625
0 0.97109375 0.8390625 0.0234375 0.02890625
0 0.80703125 0.00625 0.0296875 0.01171875
0 0.06796875 0.73671875 0.0171875 0.01796875
0 0.05546875 0.2671875 0.02734375 0.02890625
0 0.825 0.9671875 0.02734375 0.02421875
0 0.20078125 0.70625 0.0328125 0.034375
0 0.0734375 0.7796875 0.025 0.0265625
0 0.82734375 0.9921875 0.025 0.0140625
0 0.665625 0.84296875 0.02421875 0.021875
0 0.06484375 0.59375 0.0171875 0.040625
0 0.07421875 0.26015625 0.01640625 0.0203125
0 0.20625 0.384375 0.021875 0.0203125
0 0.2109375 0.821875 0.0296875 0.03203125
0 0.19765625 0.12578125 0.01875 0.01796875
0 0.809375 0.13359375 0.0234375 0.04296875
0 0.21796875 0.76796875 0.01953125 0.021875