0 0.63828125 0.13671875 0.025 0.02734375
0 0.496875 0.5765625 0.028125 0.02578125
0 0.0515625 0.9484375 0.0234375 0.02265625
0 0.03984375 0.3546875 0.02109375 0.02421875
0 0.79140625 0.45703125 0.01875 0.01796875
0 0.04140625 0.38671875 0.01875 0.01953125
0 0.05078125 0.5734375 0.0203125 0.01953125
0 0.49375 0.5421875 0.02578125 0.02265625
0 0.0515625 0.771875 0.02109375 0.02421875
0 0.49140625 0.509375 0.0265625 0.0265625
0 0.9453125 0.35390625 0.03046875 0.0203125
0 0.0421875 0.521875 0.0203125 0.01796875
0 0.346875 0.7828125 0.028125 0.0203125
0 0.04296875 0.66328125 0.02109375 0.0203125
0 0.03515625 0.26875 0.0296875 0.01875
0 0.49765625 0.62109375 0.025 0.02890625
0 0.946875 0.3890625 0.02734375 0.0234375
0 0.05625 0.840625 0.021875 0.01875
0 0.03984375 0.4953125 0.03203125 0.01953125
0 0.0421875 0.41640625 0.0203125 0.0171875
0 0.04140625 0.73359375 0.03359375 0.03671875
0 0.940625 0.515625 0.01953125 0.01796875
0 0.49609375 0.76015625 0.02421875 0.01796875
0 0.8046875 0.84296875 0.01796875 0.01875
0 0.65390625 0.521875 0.01796875 0.015625
0 0.04296875 0.63359375 0.0203125 0.021875
0 0.35 0.96640625 0.021875 0.02109375
0 0.353125 0.8796875 0.02109375 0.0171875
0 0.490625 0.64765625 0.021875 0.0265625
0 0.6453125 0.234375 0.02109375 0.01875
0 0.4921875 0.459375 0.02109375 0.02265625
0 0.6578125 0.89921875 0.021875 0.01875
0 0.65546875 0.8703125 0.025 0.0265625
0 0.20546875 0.99140625 0.0265625 0.01640625
0 0.93984375 0.12734375 0.01953125 0.01875
0 0.640625 0.359375 0.01953125 0.02109375
0 0.04609375 0.4578125 0.02265625 0.02109375
0 0.64375 0.5625 0.0234375 0.01953125
0 0.78984375 0.76796875 0.03125 0.01953125
0 0.64140625 0.4 0.0265625 0.02109375
0 0.94140625 0.80625 0.021875 0.0171875
0 0.6453125 0.1921875 0.01796875 0.02265625
0 0.340625 0.48359375 0.021875 0.01875
0 0.18828125 0.83984375 0.02109375 0.0203125
0 0.1875 0.75390625 0.0296875 0.01875
0 0.4875 0.05859375 0.02578125 0.028125
0 0.63125 0.02421875 0.03125 0.0296875
0 0.49453125 0.21953125 0.01796875 0.0171875
0 0.79375 0.2875 0.02421875 0.0234375
0 0.64140625 0.2796875 0.02734375 0.0171875
0 0.1859375 0.55 0.02109375 0.01875
0 0.65078125 0.31640625 0.01796875 0.015625
0 0.4953125 0.9484375 0.0171875 0.0171875
0 0.340625 0.16640625 0.01953125 0.02421875
0 0.79140625 0.4875 0.01953125 0.0171875
0 0.35 0.43125 0.02578125 0.02421875
0 0.4984375 0.68671875 0.01796875 0.03046875
0 0.94921875 0.75703125 0.02265625 0.02578125
0 0.63359375 0.07109375 0.02421875 0.02578125
0 0.496875 0.8828125 0.02109375 0.0203125
0 0.34375 0.515625 0.015625 0.0171875
0 0.34921875 0.33203125 0.01875 0.025
0 0.496875 0.984375 0.02109375 0.01875
0 0.19140625 0.94921875 0.01953125 0.02109375
0 0.640625 0.596875 0.02421875 0.0234375
0 0.48828125 0.3453125 0.021875 0.01875
0 0.484375 0.17109375 0.0265625 0.02109375
0 0.50234375 0.725 0.01875 0.01875
0 0.18515625 0.15234375 0.0171875 0.01796875
0 0.34609375 0.4578125 0.0203125 0.02109375
0 0.05546875 0.88984375 0.01953125 0.01796875
0 0.353125 0.940625 0.0234375 0.01875
0 0.9453125 0.634375 0.01875 0.0234375
0 0.78828125 0.96953125 0.0203125 0.02109375
0 0.35234375 0.55703125 0.0234375 0.02578125
0 0.946875 0.57578125 0.015625 0.01640625
0 0.34609375 0.73984375 0.0203125 0.0171875
0 0.35 0.90703125 0.01796875 0.0140625
0 0.1875 0.61796875 0.0234375 0.02734375
0 0.7875 0.65234375 0.01640625 0.0171875
0 0.1703125 0.06015625 0.01640625 0.0171875
0 0.65078125 0.94375 0.0171875 0.0234375
0 0.49375 0.24140625 0.02109375 0.01875
0 0.03125 0.1171875 0.01953125 0.02265625
0 0.64765625 0.48984375 0.0171875 0.01484375
0 0.64453125 0.2609375 0.021875 0.01640625
0 0.18671875 0.72265625 0.0203125 0.0203125
0 0.1875 0.28046875 0.02265625 0.021875
0 0.34140625 0.0546875 0.025 0.0296875
0 0.95234375 0.55625 0.0234375 0.01875
0 0.79453125 0.30234375 0.0171875 0.01328125
0 0.1890625 0.00859375 0.02421875 0.0171875
0 0.03203125 0.02890625 0.01875 0.02421875
0 0.94453125 0.28828125 0.01796875 0.01953125
0 0.190625 0.4828125 0.02265625 0.015625
0 0.0390625 0.053125 0.0203125 0.0140625
0 0.34453125 0.2015625 0.01796875 0.01953125
0 0.0328125 0.09609375 0.02734375 0.02890625
0 0.64140625 0.16015625 0.01796875 0.01328125
0 0.94765625 0.1875 0.028125 0.01953125
0 0.6515625 0.46640625 0.02109375 0.01640625
0 0.94921875 0.9421875 0.025 0.01796875
0 0.4859375 0.27421875 0.01640625 0.01640625
0 0.6515625 0.8078125 0.01953125 0.0203125
0 0.49140625 0.30703125 0.01640625 0.01328125
0 0.18671875 0.17265625 0.0171875 0.01640625
0 0.94375 0.31875 0.0171875 0.01484375
0 0.4921875 0.28984375 0.01953125 0.015625
0 0.49453125 0.1109375 0.015625 0.0140625
0 0.7984375 0.38671875 0.01875 0.0171875
0 0.6453125 0.75859375 0.021875 0.02109375
0 0.79140625 0.25703125 0.01875 0.01484375
0 0.18984375 0.06953125 0.021875 0.02421875
0 0.940625 0.09453125 0.01484375 0.0140625
0 0.9390625 0.2203125 0.01953125 0.01953125
0 0.4921875 0.3609375 0.01796875 0.0203125
0 0.95078125 0.65859375 0.01796875 0.01484375
0 0.65 0.7140625 0.01875 0.01796875
0 0.34921875 0.65546875 0.01953125 0.01875
0 0.0390625 0.23828125 0.0203125 0.0171875
0 0.0390625 0.20078125 0.021875 0.01640625
0 0.4984375 0.809375 0.01640625 0.0203125
0 0.18828125 0.33671875 0.0265625 0.0296875
0 0.2 0.371875 0.01953125 0.02265625
0 0.7921875 0.16328125 0.03515625 0.0296875
0 0.7875 0.0734375 0.01953125 0.01875
0 0.94921875 0.04140625 0.0203125 0.021875
0 0.35546875 0.378125 0.02578125 0.021875