0 0.2671875 0.0375 0.03828125 0.02578125
0 0.44296875 0.8390625 0.01875 0.01953125
0 0.88984375 0.94921875 0.03203125 0.02421875
0 0.578125 0.515625 0.02734375 0.021875
0 0.14453125 0.96953125 0.01796875 0.0171875
0 0.2828125 0.85625 0.01875 0.02109375
0 0.278125 0.115625 0.025 0.0234375
0 0.28828125 0.753125 0.0203125 0.0234375
0 0.73125 0.6828125 0.0203125 0.021875
0 0.12265625 0.38046875 0.02890625 0.0203125
0 0.57734375 0.540625 0.021875 0.01953125
0 0.425 0.47265625 0.01640625 0.01953125
0 0.44765625 0.45 0.02421875 0.01953125
0 0.2765625 0.0734375 0.0328125 0.0328125
0 0.72890625 0.725 0.021875 0.02421875
0 0.125 0.3453125 0.0328125 0.02734375
0 0.26640625 0.57265625 0.02421875 0.01875
0 0.12265625 0.46328125 0.02578125 0.021875
0 0.44453125 0.78515625 0.01796875 0.02109375
0 0.5765625 0.43984375 0.01875 0.02109375
0 0.72890625 0.77578125 0.01796875 0.01875
0 0.8796875 0.85 0.0171875 0.0203125
0 0.4390625 0.65703125 0.021875 0.02265625
0 0.42890625 0.1078125 0.0234375 0.0328125
0 0.2765625 0.209375 0.02265625 0.0203125
0 0.2734375 0.159375 0.02109375 0.028125
0 0.13515625 0.85703125 0.021875 0.01953125
0 0.4421875 0.92578125 0.0296875 0.021875
0 0.1265625 0.603125 0.01953125 0.0234375
0 0.14453125 0.92265625 0.01875 0.0203125
0 0.44296875 0.49453125 0.02890625 0.028125
0 0.57109375 0.14609375 0.0171875 0.0171875
0 0.12578125 0.40390625 0.025 0.01953125
0 0.7265625 0.06953125 0.01953125 0.01640625
0 0.44296875 0.96484375 0.02265625 0.02265625
0 0.12734375 0.7125 0.0203125 0.02109375
0 0.29375 0.990625 0.028125 0.01875
0 0.28125 0.35625 0.02578125 0.0296875
0 0.5765625 0.48125 0.01953125 0.01640625
0 0.8796875 0.8203125 0.01875 0.01953125
0 0.72578125 0.33984375 0.0203125 0.025
0 0.4390625 0.81875 0.01875 0.0171875
0 0.28125 0.240625 0.01796875 0.01796875
0 0.28359375 0.90234375 0.02421875 0.01953125
0 0.60078125 0.98828125 0.02265625 0.02265625
0 0.12578125 0.565625 0.02578125 0.01875
0 0.13125 0.98984375 0.02265625 0.01875
0 0.72421875 0.16796875 0.01796875 0.01875
0 0.265625 0.26953125 0.028125 0.0203125
0 0.43828125 0.35546875 0.02109375 0.02109375
0 0.59296875 0.63046875 0.02265625 0.03125
0 0.284375 0.69453125 0.02890625 0.025
0 0.890625 0.990625 0.0203125 0.01875
0 0.88125 0.5390625 0.01796875 0.0203125
0 0.721875 0.1265625 0.01953125 0.02109375
0 0.43828125 0.4 0.0234375 0.01875
0 0.87421875 0.21875 0.02421875 0.01953125
0 0.88203125 0.6421875 0.02109375 0.021875
0 0.58203125 0.3609375 0.02734375 0.02109375
0 0.5921875 0.5734375 0.02109375 0.02109375
0 0.28125 0.41640625 0.02890625 0.03359375
0 0.5953125 0.77578125 0.0171875 0.015625
0 0.43046875 0.28671875 0.0296875 0.02265625
0 0.44609375 0.88125 0.01953125 0.0171875
0 0.1109375 0.275 0.034375 0.03359375
0 0.8765625 0.45390625 0.0203125 0.021875
0 0.590625 0.815625 0.040625 0.01953125
0 0.86484375 0.36640625 0.01953125 0.034375
0 0.87109375 0.32578125 0.03046875 0.01953125
0 0.1359375 0.94765625 0.01875 0.01796875
0 0.73125 0.84765625 0.01640625 0.01796875
0 0.57109375 0.25859375 0.01796875 0.01484375
0 0.884375 0.61640625 0.01875 0.0171875
0 0.4328125 0.021875 0.01796875 0.01484375
0 0.12734375 0.425 0.02265625 0.0171875
0 0.73515625 0.9171875 0.02421875 0.02265625
0 0.2796875 0.47734375 0.0171875 0.01953125
0 0.8765625 0.12890625 0.0203125 0.021875
0 0.28125 0.93125 0.02265625 0.01328125
0 0.28359375 0.6234375 0.02109375 0.02421875
0 0.58203125 0.84921875 0.03046875 0.01953125
0 0.87734375 0.49140625 0.01796875 0.01875
0 0.421875 0.14921875 0.0171875 0.01796875
0 0.88203125 0.38203125 0.02421875 0.02421875
0 0.8875 0.88828125 0.015625 0.0203125
0 0.88203125 0.57109375 0.01953125 0.01640625
0 0.73515625 0.87421875 0.01875 0.01796875
0 0.7203125 0.2421875 0.0140625 0.0140625
0 0.715625 0.09453125 0.02578125 0.01953125
0 0.87109375 0.10390625 0.0203125 0.01640625
0 0.12890625 0.890625 0.01953125 0.01875
0 0.5734375 0.28046875 0.0171875 0.01875
0 0.87734375 0.1828125 0.01953125 0.0203125
0 0.28828125 0.65234375 0.01640625 0.015625
0 0.1265625 0.5328125 0.02265625 0.0171875
0 0.2765625 0.5453125 0.0203125 0.02265625
0 0.73203125 0.55 0.01953125 0.01953125
0 0.88828125 0.5890625 0.01953125 0.01796875
0 0.13359375 0.74296875 0.01640625 0.015625
0 0.7140625 0.21796875 0.02109375 0.01875
0 0.5921875 0.72578125 0.02109375 0.02109375
0 0.575 0.32734375 0.021875 0.01640625
0 0.87421875 0.4265625 0.0203125 0.01875
0 0.728125 0.5765625 0.02109375 0.015625
0 0.86171875 0.29453125 0.02734375 0.02265625
0 0.590625 0.74296875 0.01953125 0.015625
0 0.43828125 0.41796875 0.02421875 0.02109375
0 0.13125 0.7625 0.01796875 0.0171875
0 0.28203125 0.44765625 0.0203125 0.01953125
0 0.72890625 0.81640625 0.0140625 0.01484375
0 0.73125 0.509375 0.01640625 0.015625
0 0.72734375 0.4921875 0.02109375 0.0171875
0 0.2859375 0.94609375 0.02265625 0.01796875
0 0.578125 0.934375 0.025 0.0203125
0 0.878125 0.0625 0.01796875 0.01875
0 0.4359375 0.38359375 0.021875 0.01328125
0 0.71640625 0.0328125 0.01484375 0.01484375
0 0.73046875 0.8984375 0.0234375 0.01875
0 0.4296875 0.56015625 0.028125 0.03359375
0 0.11796875 0.06171875 0.0265625 0.01484375
0 0.140625 0.03125 0.01796875 0.02109375
0 0.1390625 0.6234375 0.01640625 0.01875
0 0.57890625 0.0328125 0.0203125 0.025