0 0.34921875 0.3390625 0.025 0.02421875
0 0.34921875 0.375 0.03046875 0.03203125
0 0.35078125 0.30546875 0.0265625 0.02421875
0 0.3421875 0.271875 0.028125 0.02890625
0 0.80546875 0.546875 0.0265625 0.03125
0 0.35234375 0.4125 0.025 0.02578125
0 0.50078125 0.403125 0.02265625 0.0265625
0 0.50390625 0.77578125 0.025 0.0234375
0 0.2109375 0.7875 0.02578125 0.02421875
0 0.35078125 0.16875 0.028125 0.0234375
0 0.81015625 0.91484375 0.0296875 0.028125
0 0.9484375 0.9765625 0.03203125 0.03515625
0 0.946875 0.7140625 0.0234375 0.0234375
0 0.19765625 0.42421875 0.02109375 0.01796875
0 0.0578125 0.60390625 0.02265625 0.01953125
0 0.21328125 0.7125 0.025 0.02421875
0 0.2046875 0.4546875 0.025 0.028125
0 0.49140625 0.01953125 0.0265625 0.03046875
0 0.0515625 0.40625 0.025 0.0296875
0 0.8078125 0.8171875 0.0203125 0.021875
0 0.50625 0.678125 0.0203125 0.02421875
0 0.5 0.45 0.0265625 0.02578125
0 0.2078125 0.48984375 0.025 0.021875
0 0.04453125 0.00703125 0.02109375 0.0140625
0 0.49609375 0.25234375 0.0234375 0.021875
0 0.35625 0.58984375 0.021875 0.0234375
0 0.64609375 0.01640625 0.01953125 0.02109375
0 0.9546875 0.83515625 0.028125 0.025
0 0.7875 0.2078125 0.025 0.02578125
0 0.6625 0.559375 0.02578125 0.02109375
0 0.2046875 0.3984375 0.021875 0.01953125
0 0.796875 0.16875 0.02421875 0.025
0 0.81015625 0.9515625 0.0203125 0.02109375
0 0.94296875 0.41640625 0.03046875 0.0265625
0 0.35078125 0.459375 0.028125 0.02421875
0 0.9515625 0.87734375 0.02421875 0.02578125
0 0.3609375 0.66015625 0.03046875 0.03671875
0 0.3546875 0.80703125 0.0203125 0.021875
0 0.2125 0.8875 0.0265625 0.0328125
0 0.803125 0.25234375 0.025 0.0234375
0 0.35 0.18984375 0.021875 0.0203125
0 0.34375 0.13125 0.021875 0.02421875
0 0.49140625 0.27734375 0.01875 0.02109375
0 0.3578125 0.8375 0.021875 0.02109375
0 0.19140625 0.878125 0.01640625 0.02109375
0 0.21484375 0.85234375 0.025 0.02421875
0 0.06640625 0.7203125 0.01875 0.0203125
0 0.96171875 0.925 0.028125 0.028125
0 0.79609375 0.12890625 0.021875 0.0234375
0 0.0515625 0.6921875 0.03046875 0.0328125
0 0.06640625 0.925 0.02421875 0.021875
0 0.8046875 0.884375 0.0265625 0.0234375
0 0.93828125 0.17109375 0.021875 0.02265625
0 0.80234375 0.44609375 0.03046875 0.034375
0 0.0640625 0.75625 0.02109375 0.021875
0 0.65234375 0.31875 0.021875 0.01875
0 0.809375 0.8484375 0.021875 0.02421875
0 0.05390625 0.56875 0.02265625 0.01875
0 0.0515625 0.346875 0.02109375 0.0234375
0 0.0609375 0.4828125 0.021875 0.025
0 0.35390625 0.01953125 0.025 0.01875
0 0.80546875 0.3484375 0.025 0.02421875
0 0.3625 0.92109375 0.0265625 0.03203125
0 0.66015625 0.6765625 0.02265625 0.02734375
0 0.5125 0.915625 0.0265625 0.021875
0 0.35234375 0.97421875 0.02421875 0.01796875
0 0.48828125 0.20390625 0.02109375 0.0203125
0 0.35078125 0.51484375 0.02265625 0.0296875
0 0.06484375 0.80625 0.02578125 0.02734375
0 0.51015625 0.96953125 0.01953125 0.0203125
0 0.953125 0.5 0.025 0.02109375
0 0.6640625 0.84453125 0.021875 0.0234375
0 0.509375 0.86953125 0.0265625 0.0328125
0 0.3703125 0.865625 0.021875 0.02265625
0 0.5015625 0.30703125 0.021875 0.0234375
0 0.2140625 0.95 0.03046875 0.02421875
0 0.05625 0.85 0.02421875 0.01640625
0 0.346875 0.07734375 0.0203125 0.021875
0 0.20703125 0.553125 0.02421875 0.01796875
0 0.66015625 0.78359375 0.025 0.025
0 0.7953125 0.39296875 0.0234375 0.02421875
0 0.20546875 0.34921875 0.02578125 0.01953125
0 0.04609375 0.275 0.0203125 0.03046875
0 0.2046875 0.521875 0.025 0.01796875
0 0.65 0.25234375 0.0203125 0.01953125
0 0.5078125 0.71171875 0.01953125 0.02421875
0 0.19140625 0.228125 0.01875 0.01640625
0 0.94765625 0.5828125 0.02578125 0.034375
0 0.50078125 0.82265625 0.021875 0.0234375
0 0.21640625 0.99296875 0.01953125 0.0140625
0 0.6453125 0.09140625 0.02734375 0.03359375
0 0.365625 0.71875 0.025 0.02265625
0 0.9359375 0.32734375 0.0171875 0.01796875
0 0.6515625 0.121875 0.01953125 0.01796875
0 0.66171875 0.60234375 0.021875 0.02734375
0 0.4984375 0.34765625 0.0203125 0.01953125
0 0.93828125 0.06875 0.0203125 0.02421875
0 0.06640625 0.89921875 0.021875 0.021875
0 0.3546875 0.7640625 0.01953125 0.0171875
0 0.18359375 0.3046875 0.02109375 0.02109375
0 0.215625 0.825 0.02421875 0.0203125
0 0.5046875 0.61640625 0.02109375 0.01953125
0 0.66328125 0.8890625 0.0234375 0.021875
0 0.93515625 0.265625 0.01875 0.015625
0 0.93671875 0.24375 0.01953125 0.0171875
0 0.19375 0.05859375 0.0234375 0.02578125
0 0.1984375 0.67734375 0.0234375 0.0171875
0 0.05390625 0.07578125 0.02265625 0.021875
0 0.6515625 0.1546875 0.0203125 0.01875
0 0.8109375 0.75390625 0.02421875 0.02734375
0 0.2046875 0.584375 0.0203125 0.01953125
0 0.35625 0.74140625 0.02578125 0.0140625
0 0.65859375 0.5359375 0.01875 0.01796875
0 0.05546875 0.55 0.0203125 0.01875
0 0.19140625 0.103125 0.025 0.0234375
0 0.5015625 0.55078125 0.01953125 0.01796875
0 0.79609375 0.284375 0.02890625 0.02734375
0 0.5046875 0.4875 0.021875 0.01953125
0 0.6578125 0.49375 0.01953125 0.0171875
0 0.19765625 0.1921875 0.02109375 0.021875
0 0.04609375 0.1125 0.01640625 0.02421875
0 0.04609375 0.05234375 0.01875 0.021875
0 0.046875 0.23125 0.02109375 0.01484375
0 0.05546875 0.64921875 0.021875 0.02265625
0 0.06640625 0.87578125 0.01953125 0.01796875
0 0.9546875 0.6640625 0.0171875 0.01640625
0 0.95546875 0.64296875 0.01796875 0.0171875
0 0.81171875 0.696875 0.02109375 0.0203125
0 0.66328125 0.95 0.0171875 0.021875
0 0.490625 0.17265625 0.02109375 0.01953125
0 0.80546875 0.6296875 0.02109375 0.0203125