0 0.940625 0.3328125 0.03359375 0.0328125
0 0.94296875 0.59609375 0.02890625 0.0296875
0 0.94140625 0.64609375 0.02578125 0.0265625
0 0.64765625 0.25625 0.021875 0.02421875
0 0.80234375 0.91328125 0.0234375 0.025
0 0.05078125 0.73203125 0.025 0.0265625
0 0.7953125 0.38046875 0.0265625 0.03125
0 0.35 0.68359375 0.02734375 0.025
0 0.053125 0.63203125 0.01875 0.01953125
0 0.940625 0.7078125 0.025 0.0234375
0 0.946875 0.553125 0.02578125 0.0296875
0 0.95234375 0.86171875 0.0234375 0.0234375
0 0.8078125 0.58984375 0.01875 0.01953125
0 0.3421875 0.59375 0.01640625 0.0171875
0 0.63984375 0.6 0.02109375 0.01953125
0 0.35078125 0.71640625 0.0265625 0.0171875
0 0.953125 0.73515625 0.02265625 0.02109375
0 0.49765625 0.08125 0.025 0.02734375
0 0.640625 0.28828125 0.02265625 0.025
0 0.209375 0.75390625 0.01875 0.01875
0 0.94765625 0.28359375 0.02734375 0.02421875
0 0.209375 0.91640625 0.015625 0.01484375
0 0.36640625 0.83515625 0.02421875 0.02109375
0 0.65078125 0.2171875 0.0234375 0.01953125
0 0.19609375 0.56328125 0.0265625 0.02421875
0 0.05859375 0.9078125 0.01796875 0.0203125
0 0.34921875 0.05703125 0.02109375 0.025
0 0.05234375 0.77578125 0.021875 0.0265625
0 0.9484375 0.99296875 0.02578125 0.0140625
0 0.04609375 0.0578125 0.02734375 0.02578125
0 0.04765625 0.38828125 0.02109375 0.02109375
0 0.5 0.009375 0.02265625 0.01875
0 0.7828125 0.13984375 0.021875 0.01875
0 0.80234375 0.8546875 0.02734375 0.028125
0 0.35 0.0078125 0.0203125 0.015625
0 0.93828125 0.25859375 0.028125 0.025
0 0.80078125 0.65703125 0.0203125 0.01875
0 0.496875 0.05390625 0.01953125 0.0171875
0 0.659375 0.83828125 0.0203125 0.0171875
0 0.7921875 0.309375 0.0203125 0.01875
0 0.19765625 0.60390625 0.0171875 0.01875
0 0.94765625 0.825 0.0328125 0.02265625
0 0.0546875 0.94609375 0.01875 0.01875
0 0.790625 0.0078125 0.02578125 0.015625
0 0.0453125 0.509375 0.01875 0.01875
0 0.34296875 0.8015625 0.02109375 0.01875
0 0.35234375 0.78125 0.021875 0.02109375
0 0.80625 0.99296875 0.025 0.0140625
0 0.353125 0.4890625 0.02109375 0.01875
0 0.34609375 0.31953125 0.0328125 0.02421875
0 0.3453125 0.103125 0.02109375 0.0359375
0 0.65234375 0.69296875 0.0203125 0.02421875
0 0.95390625 0.95 0.021875 0.02421875
0 0.6578125 0.8859375 0.021875 0.01875
0 0.05625 0.5765625 0.01953125 0.021875
0 0.63984375 0.18671875 0.0171875 0.01875
0 0.3609375 0.8640625 0.0234375 0.02109375
0 0.21640625 0.8421875 0.021875 0.021875
0 0.65859375 0.99375 0.0234375 0.01171875
0 0.35390625 0.88203125 0.01875 0.015625
0 0.80859375 0.4640625 0.02109375 0.0234375
0 0.940625 0.20234375 0.03125 0.0375
0 0.3578125 0.9234375 0.01796875 0.01875
0 0.940625 0.43984375 0.028125 0.02265625
0 0.04765625 0.49140625 0.01796875 0.01953125
0 0.809375 0.96171875 0.0234375 0.025
0 0.92578125 0.146875 0.0203125 0.02890625
0 0.20625 0.9875 0.01953125 0.0171875
0 0.7953125 0.2578125 0.01953125 0.0203125
0 0.790625 0.02421875 0.0265625 0.0203125
0 0.64609375 0.0921875 0.028125 0.0265625
0 0.778125 0.0875 0.021875 0.01875
0 0.346875 0.2578125 0.01875 0.0203125
0 0.6484375 0.3359375 0.021875 0.02890625
0 0.20625 0.6640625 0.02578125 0.01875
0 0.9375 0.4 0.0234375 0.02109375
0 0.1890625 0.3015625 0.021875 0.0171875
0 0.20859375 0.64609375 0.0203125 0.01640625
0 0.66328125 0.92265625 0.021875 0.02109375
0 0.2125 0.81640625 0.01875 0.01796875
0 0.80234375 0.72890625 0.0203125 0.01640625
0 0.64609375 0.16328125 0.01875 0.01953125
0 0.8046875 0.70546875 0.01953125 0.021875
0 0.059375 0.6 0.01640625 0.01484375
0 0.66015625 0.96953125 0.0203125 0.015625
0 0.21171875 0.69453125 0.02109375 0.01640625
0 0.5 0.02578125 0.01953125 0.0171875
0 0.79765625 0.821875 0.028125 0.02421875
0 0.51015625 0.803125 0.02109375 0.02109375
0 0.64140625 0.04765625 0.02890625 0.02109375
0 0.05234375 0.8265625 0.01953125 0.01953125
0 0.796875 0.065625 0.02109375 0.0171875
0 0.221875 0.8625 0.0234375 0.0234375
0 0.64375 0.071875 0.0234375 0.01796875
0 0.51171875 0.9875 0.02109375 0.01953125
0 0.5 0.74765625 0.02109375 0.01875
0 0.5015625 0.5453125 0.025 0.01640625
0 0.334375 0.7703125 0.01484375 0.0171875
0 0.50078125 0.51953125 0.025 0.028125
0 0.334375 0.66484375 0.01484375 0.01484375
0 0.49453125 0.21875 0.0171875 0.01953125
0 0.5125 0.959375 0.02265625 0.0234375
0 0.64453125 0.4046875 0.01953125 0.01953125
0 0.64296875 0.44375 0.01796875 0.01953125