0 0.35234375 0.253125 0.021875 0.01953125
0 0.04765625 0.0921875 0.03125 0.0328125
0 0.803125 0.7390625 0.01953125 0.021875
0 0.34296875 0.00703125 0.0171875 0.01328125
0 0.04296875 0.0078125 0.01953125 0.015625
0 0.5 0.6484375 0.02421875 0.02578125
0 0.8140625 0.77265625 0.02109375 0.02109375
0 0.353125 0.3203125 0.01875 0.01953125
0 0.65234375 0.63359375 0.028125 0.0265625
0 0.79609375 0.35 0.02578125 0.02421875
0 0.9484375 0.5046875 0.02734375 0.0171875
0 0.19765625 0.48671875 0.0203125 0.02109375
0 0.8015625 0.1609375 0.03046875 0.021875
0 0.35234375 0.284375 0.025 0.02578125
0 0.50234375 0.70859375 0.0234375 0.02734375
0 0.20546875 0.009375 0.0203125 0.01875
0 0.05234375 0.85078125 0.01796875 0.01953125
0 0.653125 0.56796875 0.02265625 0.0203125
0 0.209375 0.88046875 0.01640625 0.01796875
0 0.50390625 0.9390625 0.0265625 0.02421875
0 0.05390625 0.8765625 0.021875 0.0171875
0 0.8125 0.440625 0.02265625 0.0171875
0 0.20390625 0.33203125 0.02109375 0.01953125
0 0.94609375 0.00546875 0.0171875 0.0109375
0 0.34140625 0.15703125 0.0203125 0.02109375
0 0.6609375 0.80234375 0.02734375 0.01875
0 0.2 0.3640625 0.025 0.02265625
0 0.48984375 0.35234375 0.021875 0.028125
0 0.20859375 0.96796875 0.0296875 0.03203125
0 0.215625 0.9140625 0.025 0.02109375
0 0.20546875 0.128125 0.01875 0.01640625
0 0.96875 0.73359375 0.01953125 0.0203125
0 0.209375 0.775 0.01640625 0.01953125
0 0.20390625 0.4484375 0.0203125 0.02109375
0 0.20625 0.40234375 0.01875 0.01875
0 0.79609375 0.09140625 0.025 0.02109375
0 0.8078125 0.69609375 0.015625 0.01484375
0 0.79921875 0.02109375 0.03125 0.01953125
0 0.35 0.75390625 0.0234375 0.0234375
0 0.0359375 0.13125 0.01875 0.01796875
0 0.3390625 0.11953125 0.03125 0.015625
0 0.8078125 0.2984375 0.01875 0.0171875
0 0.496875 0.52890625 0.01875 0.01953125
0 0.35078125 0.5953125 0.02890625 0.0171875
0 0.6578125 0.54453125 0.01796875 0.0140625
0 0.49921875 0.5765625 0.01953125 0.02109375
0 0.65 0.22734375 0.0265625 0.021875
0 0.80546875 0.27578125 0.02109375 0.01796875
0 0.8078125 0.2421875 0.02265625 0.02109375
0 0.0578125 0.6203125 0.0203125 0.021875
0 0.8125 0.965625 0.0234375 0.02421875
0 0.19765625 0.15703125 0.01875 0.0203125
0 0.3421875 0.578125 0.02890625 0.01640625
0 0.35859375 0.5515625 0.02265625 0.02578125
0 0.49453125 0.4859375 0.021875 0.01640625
0 0.9546875 0.4609375 0.01796875 0.01796875
0 0.4984375 0.26015625 0.025 0.02109375
0 0.6609375 0.83359375 0.03515625 0.02109375
0 0.3515625 0.6203125 0.025 0.0171875
0 0.35546875 0.42109375 0.0171875 0.01484375
0 0.80390625 0.3875 0.0265625 0.02265625
0 0.80234375 0.2046875 0.02109375 0.02734375
0 0.5109375 0.73515625 0.02109375 0.01796875
0 0.0515625 0.4578125 0.0203125 0.0234375
0 0.96875 0.775 0.0203125 0.01875
0 0.64765625 0.28515625 0.01796875 0.01953125
0 0.50078125 0.85078125 0.02109375 0.021875
0 0.49296875 0.0046875 0.01640625 0.00859375
0 0.65390625 0.853125 0.02890625 0.01640625
0 0.3546875 0.50859375 0.0171875 0.01875
0 0.6640625 0.99140625 0.02578125 0.0171875
0 0.04609375 0.503125 0.02109375 0.01953125
0 0.80859375 0.53984375 0.0203125 0.01484375
0 0.50390625 0.42109375 0.0171875 0.0140625
0 0.05234375 0.9 0.01875 0.0171875
0 0.0515625 0.7296875 0.0171875 0.01796875
0 0.05390625 0.79375 0.02109375 0.01953125
0 0.50078125 0.3953125 0.01875 0.02421875
0 0.65234375 0.59296875 0.02265625 0.01875
0 0.65234375 0.01796875 0.0203125 0.0234375
0 0.3421875 0.0328125 0.01875 0.01953125
0 0.65234375 0.4671875 0.0203125 0.0203125
0 0.80625 0.409375 0.021875 0.01953125
0 0.6515625 0.69375 0.0203125 0.01875
0 0.64453125 0.096875 0.0203125 0.0234375
0 0.80859375 0.57421875 0.0203125 0.02109375
0 0.0421875 0.4 0.0203125 0.01875
0 0.34921875 0.4484375 0.021875 0.01796875
0 0.05 0.69140625 0.01640625 0.01953125
0 0.96953125 0.7015625 0.02265625 0.0203125
0 0.34921875 0.1765625 0.0296875 0.01328125
0 0.49921875 0.7953125 0.01953125 0.015625
0 0.96015625 0.7609375 0.02265625 0.01875
0 0.0484375 0.54453125 0.02421875 0.02421875
0 0.20703125 0.8328125 0.0296875 0.025
0 0.20546875 0.65546875 0.025 0.0171875
0 0.50234375 0.2234375 0.0203125 0.01796875
0 0.0453125 0.26015625 0.02109375 0.01953125
0 0.80859375 0.66328125 0.0171875 0.034375
0 0.1953125 0.30625 0.0203125 0.01484375
0 0.49296875 0.17265625 0.02578125 0.01953125
0 0.04453125 0.0328125 0.0171875 0.01640625
0 0.4828125 0.04921875 0.01796875 0.02109375
0 0.49375 0.02578125 0.01796875 0.01484375
0 0.94453125 0.2109375 0.025 0.0203125
0 0.34453125 0.3953125 0.0296875 0.0234375
0 0.20234375 0.1046875 0.01875 0.0203125
0 0.66796875 0.89140625 0.03125 0.02734375
0 0.20859375 0.934375 0.025 0.01875
0 0.35703125 0.7234375 0.0203125 0.0203125
0 0.5078125 0.9890625 0.0203125 0.0203125
0 0.05078125 0.66484375 0.0171875 0.01796875
0 0.20078125 0.634375 0.025 0.0171875
0 0.0484375 0.22109375 0.01640625 0.0140625
0 0.81640625 0.48203125 0.0171875 0.0140625
0 0.5109375 0.77109375 0.01640625 0.01953125
0 0.36484375 0.67578125 0.01953125 0.01953125
0 0.18828125 0.0765625 0.021875 0.0234375
0 0.49765625 0.20703125 0.0203125 0.01328125
0 0.49765625 0.0625 0.02421875 0.02578125
0 0.5015625 0.5015625 0.0171875 0.01484375
0 0.20625 0.20546875 0.01796875 0.01953125
0 0.65234375 0.5203125 0.02578125 0.02265625
0 0.34765625 0.10078125 0.02109375 0.02109375
0 0.78828125 0.0046875 0.0234375 0.009375
0 0.65625 0.359375 0.0234375 0.0203125
0 0.65078125 0.32109375 0.01640625 0.0140625
0 0.65390625 0.44453125 0.01875 0.0171875
0 0.509375 0.87578125 0.0265625 0.01953125
0 0.9453125 0.17265625 0.0171875 0.01796875
0 0.6640625 0.9640625 0.02421875 0.02109375
0 0.95390625 0.9703125 0.0265625 0.02109375
0 0.35 0.3515625 0.0203125 0.0171875
0 0.9546875 0.246875 0.01796875 0.0171875
0 0.0421875 0.29296875 0.02265625 0.0171875
0 0.94921875 0.10625 0.01953125 0.02890625
0 0.35390625 0.65859375 0.02265625 0.02421875
0 0.94921875 0.53984375 0.0171875 0.015625
0 0.9484375 0.0234375 0.02109375 0.0171875
0 0.20625 0.28046875 0.0265625 0.01875
0 0.21328125 0.25625 0.02421875 0.02109375
0 0.0515625 0.5609375 0.0234375 0.01796875
0 0.94453125 0.315625 0.02109375 0.025
0 0.81171875 0.51640625 0.015625 0.01328125
0 0.96640625 0.58515625 0.0203125 0.0171875
0 0.96015625 0.56484375 0.01640625 0.0171875
0 0.646875 0.0578125 0.015625 0.01640625
0 0.6609375 0.76875 0.0265625 0.025
0 0.221875 0.57734375 0.01796875 0.01796875
0 0.959375 0.87734375 0.015625 0.01796875
0 0.96640625 0.84921875 0.021875 0.01953125
0 0.35 0.9828125 0.02578125 0.02890625
0 0.65 0.1984375 0.0203125 0.021875
0 0.95546875 0.41484375 0.01953125 0.01796875
0 0.509375 0.33671875 0.01484375 0.015625
0 0.059375 0.978125 0.0203125 0.02265625
0 0.2109375 0.71171875 0.01953125 0.02265625
0 0.03359375 0.3453125 0.0265625 0.0296875
0 0.35 0.82421875 0.02421875 0.0265625
0 0.81328125 0.903125 0.02578125 0.02421875
0 0.8046875 0.625 0.01953125 0.02734375