0 0.44765625 0.75 0.0328125 0.02734375
0 0.12421875 0.9203125 0.02734375 0.02734375
0 0.4390625 0.42734375 0.02578125 0.02421875
0 0.59375 0.6578125 0.028125 0.02578125
0 0.45 0.82265625 0.02578125 0.0234375
0 0.44453125 0.45546875 0.025 0.02890625
0 0.1296875 0.9875 0.0265625 0.025
0 0.59453125 0.81953125 0.02265625 0.02109375
0 0.12734375 0.94921875 0.0265625 0.028125
0 0.4421875 0.59296875 0.02421875 0.028125
0 0.446875 0.89453125 0.0328125 0.028125
0 0.45234375 0.85546875 0.0265625 0.0265625
0 0.121875 0.27734375 0.02578125 0.028125
0 0.59453125 0.43359375 0.02265625 0.02421875
0 0.440625 0.54375 0.025 0.028125
0 0.2859375 0.165625 0.03046875 0.02890625
0 0.4515625 0.7828125 0.0265625 0.0328125
0 0.284375 0.29375 0.02734375 0.0296875
0 0.2921875 0.559375 0.028125 0.03046875
0 0.12890625 0.809375 0.0265625 0.0296875
0 0.12421875 0.3078125 0.02734375 0.02265625
0 0.28984375 0.40390625 0.025 0.03203125
0 0.43515625 0.27734375 0.028125 0.02578125
0 0.73359375 0.09765625 0.0265625 0.02265625
0 0.2921875 0.59609375 0.03359375 0.0296875
0 0.121875 0.20078125 0.02421875 0.028125
0 0.284375 0.12578125 0.02421875 0.0265625
0 0.8890625 0.0625 0.02265625 0.025
0 0.75234375 0.99296875 0.0140625 0.0140625
0 0.75546875 0.97265625 0.01796875 0.01953125
0 0.446875 0.3578125 0.02578125 0.02890625
0 0.1265625 0.7703125 0.0234375 0.02265625
0 0.5859375 0.01328125 0.021875 0.01875
0 0.29140625 0.36484375 0.02890625 0.0296875
0 0.8859375 0.40625 0.01953125 0.0234375
0 0.75546875 0.91953125 0.025 0.0203125
0 0.7484375 0.8984375 0.025 0.02421875
0 0.1171875 0.4890625 0.02421875 0.02578125
0 0.4453125 0.6765625 0.0234375 0.02109375
0 0.89765625 0.9171875 0.02109375 0.0171875
0 0.3 0.990625 0.021875 0.01796875
0 0.453125 0.934375 0.02578125 0.02890625
0 0.60078125 0.61171875 0.0234375 0.0265625
0 0.4484375 0.6515625 0.02265625 0.02109375
0 0.7546875 0.85234375 0.02578125 0.0203125
0 0.12421875 0.734375 0.0296875 0.028125
0 0.88984375 0.0296875 0.02421875 0.02265625
0 0.4359375 0.3203125 0.02734375 0.02890625
0 0.6015625 0.93984375 0.02421875 0.021875
0 0.6 0.68984375 0.021875 0.0203125
0 0.59609375 0.33203125 0.02421875 0.0328125
0 0.9 0.4921875 0.01796875 0.02265625
0 0.28828125 0.221875 0.02578125 0.0328125
0 0.7078125 0.04453125 0.0171875 0.02109375
0 0.73515625 0.0109375 0.021875 0.021875
0 0.125 0.61328125 0.025 0.021875
0 0.4375 0.040625 0.02578125 0.025
0 0.1234375 0.8734375 0.025 0.025
0 0.11484375 0.40703125 0.0234375 0.02109375
0 0.59765625 0.56484375 0.028125 0.0328125
0 0.2859375 0.096875 0.02265625 0.021875
0 0.43515625 0.01015625 0.02890625 0.01953125
0 0.8859375 0.23359375 0.01875 0.025
0 0.8921875 0.771875 0.02109375 0.01640625
0 0.73046875 0.146875 0.01953125 0.02265625
0 0.88671875 0.275 0.01796875 0.01875
0 0.8875 0.13125 0.01875 0.02109375
0 0.6046875 0.9828125 0.025 0.03046875
0 0.89609375 0.959375 0.02265625 0.0171875
0 0.1171875 0.4515625 0.0234375 0.02265625
0 0.44296875 0.496875 0.01875 0.01875
0 0.12421875 0.14453125 0.0234375 0.01875
0 0.74140625 0.8328125 0.02421875 0.01796875
0 0.6015625 0.50390625 0.02734375 0.03828125
0 0.90078125 0.625 0.01953125 0.03046875
0 0.73671875 0.35625 0.01796875 0.0140625
0 0.28125 0.05546875 0.01953125 0.01796875
0 0.73125 0.04453125 0.0171875 0.01796875
0 0.12734375 0.6515625 0.02734375 0.025
0 0.89921875 0.8171875 0.0171875 0.0203125
0 0.11171875 0.57890625 0.0234375 0.01875
0 0.74609375 0.79140625 0.01796875 0.01796875
0 0.60234375 0.78515625 0.01875 0.0171875
0 0.60390625 0.86796875 0.025 0.034375
0 0.2984375 0.65234375 0.025 0.03203125
0 0.59296875 0.2734375 0.02421875 0.02578125
0 0.89375 0.45703125 0.01640625 0.0171875
0 0.90078125 0.73828125 0.0234375 0.02109375
0 0.73046875 0.26953125 0.01875 0.01328125
0 0.7578125 0.64921875 0.0171875 0.01796875
0 0.88828125 0.36171875 0.01875 0.02109375
0 0.44140625 0.39765625 0.01953125 0.01796875
0 0.125 0.5359375 0.02578125 0.03046875
0 0.28828125 0.0109375 0.02265625 0.01875
0 0.896875 0.69140625 0.01953125 0.01953125
0 0.296875 0.48828125 0.0296875 0.03359375
0 0.73984375 0.24296875 0.02578125 0.01875
0 0.7328125 0.21953125 0.0203125 0.015625
0 0.7421875 0.66875 0.021875 0.02578125
0 0.73515625 0.18671875 0.01640625 0.0171875
0 0.12265625 0.08046875 0.028125 0.02890625
0 0.73828125 0.3265625 0.01796875 0.01484375
0 0.73671875 0.30078125 0.01875 0.01953125
0 0.44375 0.065625 0.0296875 0.021875
0 0.7515625 0.59375 0.0203125 0.01640625
0 0.75390625 0.771875 0.01953125 0.015625
0 0.734375 0.39375 0.01640625 0.0171875
0 0.88984375 0.2015625 0.01796875 0.0171875
0 0.11953125 0.10546875 0.02265625 0.01796875
0 0.74609375 0.73515625 0.01953125 0.02578125
0 0.1234375 0.71015625 0.01875 0.015625
0 0.2984375 0.73828125 0.025 0.02421875
0 0.596875 0.234375 0.02109375 0.02109375
0 0.734375 0.0609375 0.01484375 0.0140625
0 0.88203125 0.82734375 0.025 0.02578125
0 0.128125 0.84921875 0.025 0.01953125
0 0.5890625 0.09921875 0.0203125 0.02265625
0 0.59140625 0.05390625 0.0171875 0.01796875
0 0.29140625 0.8921875 0.01875 0.0203125
0 0.746875 0.52890625 0.0171875 0.02265625