0 0.9515625 0.9546875 0.028125 0.03359375
0 0.94140625 0.3140625 0.0265625 0.02734375
0 0.64921875 0.74296875 0.02421875 0.02109375
0 0.04609375 0.53125 0.02578125 0.028125
0 0.65625 0.98359375 0.0234375 0.02421875
0 0.79140625 0.1875 0.0328125 0.0265625
0 0.79375 0.10625 0.025 0.028125
0 0.9421875 0.26796875 0.03046875 0.03125
0 0.79609375 0.25390625 0.02578125 0.025
0 0.94921875 0.61328125 0.03125 0.03125
0 0.79296875 0.22265625 0.02578125 0.02578125
0 0.64140625 0.3203125 0.02734375 0.03046875
0 0.19296875 0.69609375 0.02578125 0.0296875
0 0.78671875 0.1625 0.0265625 0.025
0 0.50703125 0.56484375 0.0265625 0.02734375
0 0.0421875 0.66328125 0.0296875 0.03046875
0 0.346875 0.78984375 0.02890625 0.02890625
0 0.5078125 0.82109375 0.0265625 0.02890625
0 0.19140625 0.11328125 0.0234375 0.021875
0 0.65234375 0.61015625 0.02578125 0.0359375
0 0.1953125 0.50859375 0.0265625 0.03125
0 0.203125 0.815625 0.02890625 0.0296875
0 0.04453125 0.06640625 0.02265625 0.021875
0 0.7890625 0.60234375 0.02890625 0.0203125
0 0.2046875 0.97421875 0.02734375 0.03203125
0 0.94921875 0.871875 0.02421875 0.0265625
0 0.94375 0.34453125 0.0265625 0.0265625
0 0.803125 0.28203125 0.021875 0.01953125
0 0.94375 0.55078125 0.02578125 0.02421875
0 0.34765625 0.73125 0.025 0.02734375
0 0.65859375 0.7828125 0.025 0.025
0 0.196875 0.30390625 0.0234375 0.02109375
0 0.64140625 0.1859375 0.02890625 0.02265625
0 0.93984375 0.20859375 0.0265625 0.03046875
0 0.1953125 0.34765625 0.02734375 0.0328125
0 0.19453125 0.39296875 0.02578125 0.02734375
0 0.353125 0.690625 0.021875 0.01953125
0 0.3515625 0.6671875 0.02109375 0.021875
0 0.1859375 0.0078125 0.0234375 0.01484375
0 0.64140625 0.146875 0.02578125 0.025
0 0.63828125 0.71328125 0.03203125 0.0203125
0 0.50234375 0.234375 0.025 0.02578125
0 0.19296875 0.4390625 0.02265625 0.01953125
0 0.35078125 0.41875 0.025 0.01796875
0 0.4890625 0.9453125 0.02265625 0.01953125
0 0.959375 0.76484375 0.0265625 0.02734375
0 0.94765625 0.5765625 0.025 0.02421875
0 0.34609375 0.53984375 0.0234375 0.021875
0 0.50546875 0.78671875 0.025 0.02109375
0 0.3421875 0.0703125 0.02578125 0.03046875
0 0.9421875 0.165625 0.0265625 0.02734375
0 0.953125 0.91796875 0.02421875 0.025
0 0.6484375 0.10625 0.02265625 0.0265625
0 0.05234375 0.8640625 0.02421875 0.0203125
0 0.77890625 0.02265625 0.02265625 0.0234375
0 0.50625 0.14140625 0.0203125 0.0203125
0 0.4984375 0.38359375 0.0234375 0.028125
0 0.34453125 0.5890625 0.0203125 0.02109375
0 0.946875 0.6890625 0.0265625 0.02890625
0 0.9421875 0.41796875 0.01796875 0.01875
0 0.80234375 0.8796875 0.02421875 0.02421875
0 0.8046875 0.928125 0.03359375 0.03828125
0 0.7953125 0.84765625 0.02421875 0.02421875
0 0.50078125 0.29921875 0.0203125 0.02265625
0 0.65703125 0.8453125 0.0265625 0.028125
0 0.203125 0.65390625 0.0234375 0.0234375
0 0.50546875 0.72109375 0.02265625 0.02578125
0 0.79609375 0.77421875 0.02265625 0.0265625
0 0.796875 0.06796875 0.02109375 0.02265625
0 0.6546875 0.9359375 0.02734375 0.02890625
0 0.19296875 0.08984375 0.0265625 0.01953125
0 0.64921875 0.35546875 0.0265625 0.028125
0 0.19609375 0.571875 0.0265625 0.02734375
0 0.04609375 0.2953125 0.02578125 0.02421875
0 0.04453125 0.42734375 0.0234375 0.021875
0 0.80234375 0.62265625 0.028125 0.01796875
0 0.94609375 0.0734375 0.02265625 0.025
0 0.64453125 0.51875 0.0296875 0.02890625
0 0.4953125 0.97578125 0.02109375 0.0203125
0 0.80546875 0.6578125 0.02265625 0.025
0 0.203125 0.60078125 0.0234375 0.01875
0 0.5 0.26484375 0.02578125 0.021875
0 0.50625 0.48828125 0.02734375 0.03359375
0 0.95234375 0.4671875 0.02421875 0.02265625
0 0.0359375 0.0234375 0.0234375 0.02421875
0 0.7953125 0.48046875 0.01796875 0.01875
0 0.3515625 0.828125 0.02734375 0.0359375
0 0.34921875 0.34609375 0.0203125 0.01953125
0 0.5015625 0.5953125 0.0234375 0.02265625
0 0.3453125 0.00546875 0.02265625 0.0109375
0 0.20234375 0.94140625 0.02421875 0.01875
0 0.64609375 0.01328125 0.0234375 0.01796875
0 0.34609375 0.1015625 0.02734375 0.02109375
0 0.20390625 0.27734375 0.02421875 0.02109375
0 0.94296875 0.0078125 0.0234375 0.015625
0 0.04921875 0.10859375 0.02265625 0.025
0 0.2015625 0.1859375 0.02109375 0.0203125
0 0.040625 0.3578125 0.02421875 0.021875
0 0.04921875 0.88828125 0.0234375 0.0171875
0 0.7984375 0.82109375 0.02265625 0.02265625
0 0.05078125 0.478125 0.02265625 0.02109375
0 0.64140625 0.3859375 0.0234375 0.03515625
0 0.0609375 0.71171875 0.021875 0.02265625
0 0.18671875 0.89921875 0.0203125 0.01953125
0 0.0484375 0.18671875 0.0234375 0.01875
0 0.65625 0.88671875 0.02421875 0.021875
0 0.65390625 0.04609375 0.02421875 0.01796875
0 0.95 0.7875 0.025 0.021875
0 0.50234375 0.1921875 0.01953125 0.01953125
0 0.65078125 0.54453125 0.02265625 0.02109375
0 0.19375 0.25859375 0.021875 0.01953125
0 0.6515625 0.0625 0.02265625 0.01953125
0 0.4890625 0.02578125 0.02109375 0.01953125
0 0.5 0.6328125 0.025 0.025
0 0.9515625 0.3703125 0.0234375 0.0203125
0 0.0453125 0.33828125 0.02109375 0.01796875
0 0.05546875 0.80703125 0.0234375 0.0203125
0 0.35 0.13984375 0.01953125 0.01796875
0 0.04453125 0.57421875 0.0265625 0.02578125
0 0.77890625 0.00390625 0.0203125 0.0078125
0 0.50078125 0.08046875 0.0203125 0.021875
0 0.0359375 0.3828125 0.0203125 0.0171875
0 0.05 0.1640625 0.02421875 0.025
0 0.79140625 0.3734375 0.0234375 0.025
0 0.49765625 0.17578125 0.0171875 0.01484375
0 0.5015625 0.51640625 0.0234375 0.01484375
0 0.03515625 0.2765625 0.02265625 0.0171875
0 0.79140625 0.434375 0.02265625 0.01953125
0 0.796875 0.41015625 0.0234375 0.025
0 0.21015625 0.7515625 0.025 0.01953125
0 0.50625 0.921875 0.01953125 0.02265625
0 0.353125 0.90078125 0.0234375 0.02578125
0 0.19296875 0.87421875 0.0234375 0.0171875
0 0.34609375 0.2359375 0.02421875 0.02109375
0 0.50234375 0.8734375 0.03046875 0.01953125
0 0.19140625 0.05390625 0.021875 0.0203125